[]
[23073, 2450726, 1702493, 1181575, 226264, 4250412, 5532, 2178910, 4220607]
[19292]
[4295844, 4295828] 2.0
[] 1.0
[4295837, -4295829] 46.900000000000006
[4295844] 1.0
[4295837, -4295833] 1.0
[4295844, 4295834] 0.7000000000000001
[4295837, -4295837] 78.55000000000001
[4295837, -4295840] 27.8
[4295844, 4295837] 1.0
[4295851] 1.0
[4295837, -4295839] 1.0
[4295844, 4295839] 1.0
[4295855] 1.0
[4295860] 1.0
[4295860, 4295829] 3.0
[4295834, -4295853] 1.35
[4295855, 4295859] 1.0
[4295837, -4295826] 25.0
[4295828, -4295839] 3.0
[4295855, 4295839] 11.0
[4295828, -4295838] 5.65
[4295828, -4295841] 130.95000000000002
[4295828, -4295840] 29.8
[4295828, -4295843] 0.15000000000000002
[-4295844, 4295828] 2.0
[4295828, -4295850] 6.9
[-4295844, 4295834] 0.7000000000000001
[4295828, -4295827] 13.0
[4295837, -4295850] 0.5
[4295855, 4295827] 14.0
[4295828, -4295826] 4.0
[4295828, -4295829] 8652.75
[4295855, 4295829] 3.0
[4295828, -4295828] 19627.8
[4295828, -4295833] 1.0
[4295828, -4295837] 212.8
[4295837, -4295860] 5.050000000000001
[-4295844, 4295851] 1.0
[4295860, -4295840] 19.0
[-4295844] 1.0
[4295837, 4295859] 1.0
[-4295844, 4295860] 1.0
[4295834, 4295829] 0.25
[-4295844, 4295837] 1.0
[-4295844, 4295839] 1.0
[4295860, -4295829] 8.0
[4295828, -4295860] 150.5
[4295844, 4295860] 1.0
[4295828, 4295843] 0.15000000000000002
[4295834, -4295832] 11.0
[4295834, -4295834] 7.25
[4295828, 4295848] 1.0
[4295851, -4295851] 16036.35
[4295855, -4295847] 16.0
[4295834, -4295839] 1.25
[4295837, 4295827] 15.0
[4295828, 4295849] 2.0
[4295837, 4295829] 6.0
[4295855, -4295852] 3.0
[4295855, -4295854] 5.300000000000001
[4295834, -4295842] 18.0
[4295828, 4295856] 1.0
[4295855, -4295855] 23.05
[4295828, 4295827] 21.0
[4295828] 1.0
[4295828, 4295831] 7.0
[4295860, -4295860] 19.0
[4295828, 4295836] 123.4
[4295834] 25.0
[4295828, 4295835] 2.0
[4295844, 4295851] 1.0
[4295828, 4295838] 0.30000000000000004
[4295837] 1.0
