[]
[2649480, 790622, 1061602, 2734527, 2109816, 308477, 1097147, 2414879, 804199]
[1734058]
[] 1.0
[3480809, -3481024] 1.0
[3480865, 3480928] 1.0
[3480809, -3480894] 0.4
[3480809, -3481022] 5.0
[3480865, -3480962] 4.0
[3480865, -3480976] 2.0
[3480809, 3480881] 1.0
[3480865, 3480813] 1.0
[3480865, 3480821] 1.0
[3480809, -3481033] 0.2
[3480809, -3480919] 4.0
[3480809, -3480920] 0.5
[3480809, -3481046] 1.0
[3480809, -3480918] 1.0
[3480809, -3480916] 2.0
[3480865, -3480998] 1.0
[3480865, -3480996] 1.0
[3480820] 1.0
[3480865, -3480865] 137.0
[3480809, -3481063] 1.0
[3480809, -3480934] 0.7000000000000001
[3480809, -3480932] 0.7000000000000001
[3480809, -3480813] 10.950000000000001
[3480808] 1.0
[3480809, -3480811] 1.25
[3480809, -3480809] 18.75
[3480809] 1.0
[3480865, -3480899] 2.0
[3480808, -3480808] 2302.0
[3480809, 3480821] 1.0
[3480809, 3480824] 2.0
[3480809, -3480846] 4.7
[3480809, -3481097] 1.0
[3480809, -3480853] 5.0
[3480865, 3481144] 1.0
[3480820, -3480807] 0.05
[3480865, 3480892] 1.0
[3480820, -3480820] 1.6500000000000001
[3480865, -3480807] 25.0
[3480809, -3480862] 1.0
[3480809, -3480859] 2.15
[3480809, -3480860] 1.9000000000000001
[3480809, -3480857] 4.0
[3480809, -3480879] 1.05
[3480809, 3480923] 1.0
[3480865] 1.0
[3480809, -3480885] 1.0
[3480809, -3481139] 1.0
[3480809, -3480884] 3.0
[3480809, -3481265] 1.0
