[]
[1757115, 15090, 498176, 744147, 2491548, 578292, 986643, 1403736, 2561576]
[2273962]
[3480836, -3480836] 19.55
[-3480857, 3480844] 0.6000000000000001
[] 1.0
[-3480857, 3480845] 3.0
[3480836, -3480834] 1.0
[-3480857, 3480842] 0.05
[3480836, -3480835] 2.0
[3480844, 3481195] 2.0
[-3480857, 3480843] 0.05
[3480849] 0.05
[-3480857, 3480841] 0.30000000000000004
[3480844, -3480822] 6.0
[-3480857, 3480848] 2.0
[-3480857, 3480849] 0.15000000000000002
[3480836, -3480852] 1.0
[3480844, -3480844] 1007.5
[3480844, -3481100] 8.0
[3480836, -3480851] 0.45
[-3480848, 3480836] 0.1
[3480836, -3480849] 0.65
[3480844, 3480961] 8.0
[3480844, -3480841] 2.0
[-3480857, 3480857] 1.0
[3480836] 0.05
[3480848, 3480836] 0.05
[3480848, 3480841] 0.05
[3480848] 1.0
[-3480848, 3480844] 3.0
[-3480848, 3480841] 0.05
[3480841] 0.05
[3480848, 3480844] 0.05
[3480844] 1.0
[-3480857, 3480876] 3.0
[-3480848, 3480849] 0.05
[3480844, -3480857] 7.0
[3480844, -3481111] 11.0
[3480849, -3481021] 5.0
[-3480848, 3480857] 2.0
[3480836, -3480870] 1.0
[3480836, -3480871] 1.0
[3480841, 3481012] 1.0
[3480876, -3480845] 0.30000000000000004
[3480844, 3480925] 7.0
[3480849, -3481025] 1.0
[3480844, -3480870] 1.0
[3480844, -3480871] 1.0
[3480836, 3480925] 1.0
[-3480848, 3480876] 1.0
[3480844, -3480878] 4.45
[-3480845, -3480848] 0.5
[-3480845, -3480851] 1.0
[3480841, 3480844] 5.0
[3480849, -3481180] 1.0
[3480849, 3480860] 1.0
[3480849, 3480871] 3.0
[3480849, 3480870] 3.0
[3480844, -3481287] 1.0
[3480841, 3481126] 2.0
[-3480845, -3480876] 9.0
[3480844, 3481288] 1.05
[3480841, 3481125] 2.0
[3480844, 3481287] 0.8
[3480848, 3480849] 0.1
[3480849, -3480949] 7.0
[3480849, 3480821] 1.0
[3480841, 3480821] 1.0
[3480849, 3481088] 4.0
[3480836, -3481072] 0.2
[3480849, -3480962] 2.0
[-3480857, 3480836] 0.25
[3480849, 3480841] 0.4
[-3480857, 3480834] 2.0
[3480849, -3480974] 0.1
[3480876] 1.0
[3480849, 3480844] 2.0
[-3480857, 3480831] 1.0
[3480849, -3481111] 1.0
[3480844, -3480956] 1.0
[-3480845, 3480857] 4.0
[3480876, 3480844] 3.0
[3480849, -3480851] 0.4
[3480836, 3480809] 1.0
[3480849, -3480852] 2.0
[3480876, 3480849] 0.05
[3480849, -3480849] 256.0
[3480844, -3480962] 1.0
[3480841, -3480867] 1.0
[3480844, -3480961] 2.7
[3480849, -3480871] 2.0500000000000003
[3480849, -3480870] 2.0500000000000003
[3480849, -3480867] 2.0
[-3480848, -3480845] 0.30000000000000004
[3480849, -3481133] 1.0
[3480849, -3480878] 1.0
[-3480845, 3480876] 0.30000000000000004
[3480849, -3481132] 1.0
[3480848, -3480845] 5.0
[3480841, -3480881] 1.0
[3480849, -3480874] 1.0
[-3480845, -3480881] 1.0
[3480849, 3480881] 3.0
[3480849, -3480881] 8.0
[-3480845, 3480895] 2.0
[3480836, -3481021] 1.0
[3480876, 3480836] 1.0
[3480848, -3480876] 1.0
[3480876, 3480841] 0.05
[3480836, 3480870] 0.4
[3480844, 3480881] 0.7000000000000001
[-3480848] 2.0
[3480841, 3480974] 0.05
[3480836, 3480871] 0.4
[-3480857] 7.0
[3480836, 3480881] 1.0
[3480844, -3480895] 6.0
[3480876, -3480876] 1.0
[-3480857, -3480876] 1.0
[-3480845] 17.0
[3480836, 3480841] 0.15000000000000002
[3480836, 3480846] 1.0
[3480841, -3480837] 1.0
[3480849, -3480839] 1.0
[-3480845, 3480841] 0.25
[-3480857, -3480845] 3.0
[3480849, -3480838] 1.0
[3480844, -3481195] 3.0
[3480849, -3480835] 0.35000000000000003
[-3480845, 3480836] 0.15000000000000002
[-3480845, 3480834] 4.0
[3480841, -3480841] 18.6
[-3480857, -3480848] 1.0
[-3480845, 3480848] 6.0
[-3480845, 3480849] 0.05
[-3480848, -3480876] 1.0
[3480849, -3480843] 3.5
[-3480845, 3480844] 1.0
[3480849, -3481100] 5.0
[3480849, -3480844] 5.0
[-3480845, 3480845] 4.0
[-3480845, 3480842] 0.25
[3480849, -3480842] 3.5
[-3480845, 3480843] 0.25
