[]
[27410, 1112950, 606958, 1315235, 1573154, 1577075, 2138844, 543909, 3154558]
[1892406]
[] 1.0
[3481295, 3481295] 0.05
[3481295, 3481294] 0.05
[3481295, -3481238] 0.2
[3481293, -3481315] 3.1500000000000004
[3481293, 3481239] 0.55
[3481293, 3481238] 1.5
[3481293, 3480921] 1.0
[3481294, 3480831] 0.05
[-3481295, 3481315] 6.0
[3481295, -3480881] 1.0
[3481294] 0.25
[3481293] 20.0
[3480831, -3480831] 3.75
[-3481295] 0.25
[3481295] 0.1
[3481295, 3480813] 1.0
[3481294, -3481294] 1.0
[3481294, -3481295] 0.05
[3481295, 3480881] 1.0
[3481294, 3481295] 0.15000000000000002
[3481294, 3481294] 0.05
[3481293, -3481274] 1.0
[3481294, 3481293] 10.0
[3481293, 3480881] 0.25
[3481293, 3480887] 0.35000000000000003
[-3481295, 3480831] 0.05
[3480831] 1.0
[3480831, 3480881] 1.0
[3481295, 3480831] 0.1
[3480831, -3481045] 1.1500000000000001
[3481294, 3481315] 6.0
[3481293, -3480851] 1.0
[3480831, -3480929] 2.0
[-3481295, 3481294] 0.05
[-3481295, 3481295] 0.15000000000000002
[3481295, -3481295] 5.050000000000001
[-3481295, 3481293] 10.0
[3481295, 3481293] 2.6
[-3481295, -3481295] 0.05
[3481293, -3481293] 11.200000000000001
[-3481295, -3481294] 1.0
