[]
[1391317, 126787, 4277667, 3739098, 92613, 1571026, 3244262, 1711636, 4220607]
[546734]
[4295844, 4295828] 0.1
[] 1.0
[4295837, -4295829] 13.4975
[4295844] 1.0
[4295840, 4295827] 9.0
[4295845] 1.0
[4295840, 4295829] 5.0
[4295837, -4295837] 19.42
[4295837, -4295840] 10.080000000000002
[4295851] 1.0
[4295837, -4295839] 1.0
[4295853] 1.0
[-4295844, -4295844] 1.0
[4295858] 2.0
[4295834, -4295853] 2.2
[4295837, -4295826] 1.0
[4295828, -4295839] 3.0
[4295840, -4295826] 3.0
[4295828, -4295838] 6.6000000000000005
[4295840, -4295829] 8.167500000000002
[4295828, -4295841] 7.010000000000002
[4295828, -4295840] 37.5
[4295828, -4295843] 0.9
[4295839, 4295829] 1.0
[-4295844, 4295828] 0.1
[4295840, -4295837] 11.0
[4295840, -4295839] 2.0
[4295828, -4295850] 0.835
[4295840, -4295840] 11.010000000000002
[4295853, -4295832] 1.0
[4295858, -4295858] 2.8900000000000006
[4295828, -4295827] 13.0
[4295837, -4295850] 2.15
[4295828, -4295826] 11.0
[4295828, -4295829] 447.96750000000003
[4295828, -4295828] 1102.3200000000002
[4295845, -4295845] 1.0
[4295828, -4295833] 2.0
[4295837, -4295856] 1.0
[4295853, -4295839] 1.0
[4295828, -4295837] 12.115000000000002
[4295837, -4295860] 2.8425000000000002
[-4295844, 4295851] 1.0
[4295840, -4295860] 4.067500000000001
[4295839, -4295832] 5.0
[-4295844] 1.0
[4295837, 4295859] 1.0
[4295839, -4295834] 1.0
[4295834, 4295829] 3.0
[4295839, -4295839] 5.0
[4295839, -4295842] 0.25
[4295858, 4295829] 1.0
[4295845, 4295851] 1.0
[4295828, -4295860] 8.0675
[4295844, -4295844] 1.0
[-4295844, 4295844] 1.0
[4295845, 4295853] 4.0
[4295840, -4295850] 6.1000000000000005
[-4295844, 4295845] 1.0
[4295840, -4295856] 1.0
[4295845, 4295828] 0.1
[4295828, 4295843] 0.9
[4295834, -4295832] 1.4500000000000002
[4295834, -4295834] 0.45
[4295828, 4295848] 2.0
[4295851, -4295851] 4130.2825
[4295834, -4295839] 2.15
[4295837, 4295827] 5.2
[4295828, 4295849] 7.0
[4295845, 4295837] 1.0
[4295837, 4295829] 10.0
[4295834, -4295842] 1.8
[4295828, 4295856] 3.0
[4295844, 4295844] 1.0
[4295828, 4295827] 36.0
[4295828] 0.15000000000000002
[4295828, 4295829] 2.0
[4295844, 4295845] 1.0
[4295828, 4295831] 2.1
[4295828, 4295836] 6.5
[4295834] 57.0
[4295853, 4295829] 1.0
[4295828, 4295835] 10.0
[4295844, 4295851] 1.0
[4295828, 4295838] 0.65
[4295839, -4295853] 6.0
[4295837] 1.0
[4295840] 1.0
[4295839] 6.0
