[]
[9681, 3869321, 1714328, 129763, 2656701, 4276121, 2178284, 2076784, 83566]
[3295364]
[4295829, -4295838] 0.5
[] 1.0
[4295829, -4295837] 9.5
[4295829, -4295840] 1.5
[4295829, -4295841] 7.6000000000000005
[4295829, 4295848] 1.0
[4295829, -4295843] 0.2
[4295856, -4295850] 1.0
[4295829, -4295850] 3.4000000000000004
[4295829, 4295856] 2.0
[4295856] 1.0
[4295829, 4295859] 3.0
[4295829, 4295829] 0.35000000000000003
[4295856, -4295829] 0.7000000000000001
[4295829, 4295831] 2.0
[4295859] 1.0
[4295829, -4295826] 0.4
[4295859, -4295859] 2.0
[4295829, -4295828] 373.15000000000003
[4295856, 4295829] 0.15000000000000002
[-4295829, -4295840] 0.8500000000000001
[4295829, -4295829] 249.9
[4295829, 4295836] 5.1000000000000005
[4295856, -4295837] 0.15000000000000002
[-4295829, 4295829] 1.0
[4295829, 4295838] 0.4
[4295829, -4295833] 1.0
[4295829, 4295843] 0.2
[4295856, -4295840] 0.05
[-4295829, -4295829] 4.0
[-4295829] 16.0
[4295856, 4295859] 1.0
[4295829] 0.30000000000000004
[4295829, -4295860] 6.75
