[]
[3103774, 3013135, 1354918, 2094010, 1909130, 67145, 1256687, 1780710, 4195007]
[2140924]
[] 1.0
[4295837, -4295829] 13.4975
[4295837, -4295837] 19.42
[4295837, -4295840] 10.080000000000002
[-4295845, 4295828] 2.0
[4295851] 1.0
[4295837, -4295839] 1.0
[4295855] 1.0
[4295857] 1.0
[4295860] 1.0
[4295860, 4295829] 4.0
[4295834, -4295853] 1.4500000000000002
[4295837, -4295826] 1.0
[4295828, -4295839] 3.0
[-4295845, 4295851] 1.0
[4295855, 4295839] 6.0
[4295828, -4295838] 5.65
[4295828, -4295841] 6.547500000000001
[4295828, -4295840] 1.4900000000000002
[4295828, -4295843] 0.15000000000000002
[4295839, 4295829] 2.0
[4295828, -4295850] 6.9
[-4295845, 4295837] 1.0
[4295828, -4295827] 13.0
[4295837, -4295850] 0.1075
[4295855, 4295827] 11.0
[4295828, -4295826] 4.0
[4295828, -4295829] 432.63750000000005
[4295855, 4295829] 3.0
[4295828, -4295828] 981.39
[-4295845, 4295840] 1.0
[4295828, -4295833] 1.0
[-4295845, 4295845] 1.0
[4295837, -4295856] 1.0
[4295828, -4295837] 10.64
[4295837, -4295860] 2.8425000000000002
[4295860, -4295840] 1.9050000000000002
[-4295845] 1.0
[4295839, -4295832] 2.0
[4295837, 4295859] 1.0
[4295839, -4295834] 7.0
[4295860, -4295850] 0.4
[4295834, 4295829] 3.0
[4295839, -4295839] 1.0
[4295839, -4295842] 2.0
[4295857, -4295857] 5.0
[4295857, 4295858] 1.0
[4295860, -4295826] 0.1
[4295860, -4295829] 2.6775
[4295828, -4295860] 7.525
[4295860, -4295837] 1.6675000000000002
[4295828, 4295843] 0.15000000000000002
[4295834, -4295832] 9.0
[4295834, -4295834] 0.52
[4295828, 4295848] 1.0
[4295851, -4295851] 4130.2825
[4295855, -4295847] 1.9500000000000002
[4295834, -4295839] 0.065
[4295837, 4295827] 5.2
[4295828, 4295849] 2.0
[4295837, 4295829] 0.5
[4295855, -4295852] 0.15000000000000002
[4295857, 4295851] 1.0
[4295855, -4295854] 1.1275000000000002
[4295834, -4295842] 1.4500000000000002
[4295828, 4295856] 1.0
[4295855, -4295855] 8.345
[4295828, 4295827] 21.0
[4295860, 4295859] 1.0
[4295828] 1.0
[4295857, 4295828] 1.0
[4295828, 4295831] 7.0
[4295860, -4295860] 0.47500000000000003
[4295828, 4295836] 6.170000000000001
[4295834] 38.0
[4295828, 4295835] 2.0
[4295828, 4295838] 0.30000000000000004
[4295839, -4295853] 3.0
[4295857, 4295837] 1.0
[4295837] 1.0
[4295857, 4295839] 3.0
[4295839] 3.0
