[]
[1417317, 4204227, 2291382, 740942, 201430, 209076, 1948, 2508424, 4200815]
[333027]
[] 1.0
[4295829, -4295837] 23.150000000000002
[4295829, -4295840] 8.5
[4295829, -4295841] 11.850000000000001
[-4295827, -4295854] 1.0
[4295829, -4295850] 2.35
[4295829, 4295856] 4.0
[4295829, 4295859] 3.0
[4295827, 4295827] 3.0
[4295829, 4295829] 0.35000000000000003
[4295827, 4295829] 1.3
[4295829, 4295831] 1.0
[4295859] 1.0
[4295829, -4295826] 1.0
[4295827, -4295827] 0.8
[-4295827, 4295827] 2.2
[-4295827, 4295829] 1.05
[4295829, -4295829] 294.40000000000003
[4295829, 4295836] 0.2
[-4295827, -4295839] 6.0
[4295829, 4295827] 0.35000000000000003
[-4295827, -4295827] 2.0
[-4295827] 11.0
[4295827] 1.6500000000000001
[4295829] 3.0
[-4295827, 4295859] 0.4
[4295829, -4295860] 9.4
[-4295827, 4295858] 1.0
