[]
[1929071, 32578, 1065619, 17219, 2188053, 2115785, 1402104, 1188684, 1310971]
[1815614]
[] 1.0
[3480865, 3480928] 1.0
[3480809, -3480894] 0.11500000000000002
[3480865, -3480962] 0.2
[3480809, -3481018] 1.0
[3480865, -3480976] 1.0
[3480809, 3480881] 2.0
[3480865, 3480813] 1.0
[3480865, 3480821] 1.0
[3480809, -3480919] 0.15000000000000002
[3480809, -3480920] 1.0
[3480809, -3481046] 0.1
[3480809, -3480918] 1.0
[3480809, -3481430] 1.0
[3480809, -3480916] 0.65
[3480809, -3481180] 1.0
[3480865, -3480865] 0.36250000000000004
[3480809, -3480922] 1.0
[3480809, -3481063] 0.75
[3480809, -3480934] 0.08750000000000001
[3480809, -3480931] 0.1
[3480809, -3480932] 0.030000000000000006
[3480809, -3480813] 0.027375000000000007
[3480808] 1.0
[3480809, -3481198] 1.0
[3480809, -3480811] 0.15000000000000002
[3480865, -3480881] 1.0
[3480809, -3480809] 0.8200000000000002
[3480809, -3480824] 0.6000000000000001
[3480809] 1.0
[3480809, -3481076] 1.0
[3480809, -3480831] 0.1
[3480809, -3480828] 0.25
[3480809, -3480839] 1.0
[3480808, -3480808] 5.180000000000001
[3480809, 3480823] 1.0
[3480809, 3480821] 1.0
[3480809, -3480962] 1.0
[3480809, -3481104] 1.0
[3480865, 3480881] 1.0
[3480809, 3480824] 0.15000000000000002
[3480809, -3480846] 0.24750000000000003
[3480809, 3480831] 1.0
[3480809, -3481227] 1.0
[3480809, -3480971] 1.0
[3480809, -3480853] 1.0
[3480865, 3481144] 1.0
[3480865, 3480892] 0.05
[3480865, -3480807] 0.0675
[3480809, -3480864] 1.0
[3480809, -3480859] 0.17250000000000001
[3480809, -3481371] 0.05
[3480809, -3480860] 0.455
[3480809, -3480857] 0.3125
[3480809, -3480867] 0.2
[3480809, -3480879] 1.0
[3480809, 3480923] 2.0
[3480865, -3480822] 0.05
[3480865] 1.0
[3480809, -3480885] 0.05
[3480809, -3480884] 0.05
[3480809, -3480881] 0.8
