[]
[47187, 4278434, 272721, 4198134, 122201, 3045987, 1510218, 1039808, 4195007]
[422492]
[4295844, 4295828] 1.0
[] 1.0
[4295837, -4295829] 2.0
[4295844] 2.0
[4295840, 4295827] 7.0
[4295840, 4295829] 0.30000000000000004
[4295847] 1.0
[4295837, -4295837] 1.0
[4295844, 4295837] 0.05
[4295851] 1.0
[4295844, 4295840] 1.0
[4295855] 3.0
[4295855, 4295859] 2.0
[4295847, 4295859] 1.0
[4295828, -4295839] 3.0
[4295840, -4295826] 5.0
[4295828, -4295838] 5.65
[4295840, -4295829] 55.75
[4295828, -4295841] 130.95000000000002
[4295828, -4295840] 29.8
[4295828, -4295843] 0.15000000000000002
[-4295844, 4295828] 1.0
[4295840, -4295837] 34.95
[4295828, -4295850] 138.0
[4295840, -4295840] 17.35
[4295828, -4295827] 13.0
[4295855, 4295827] 1.3
[4295828, -4295826] 4.0
[4295828, -4295829] 173055.0
[4295855, 4295829] 8.0
[4295828, -4295828] 19627.8
[4295828, -4295833] 1.0
[4295828, -4295837] 212.8
[4295847, 4295829] 3.0
[-4295844, 4295851] 1.0
[4295840, -4295860] 5.4
[-4295844] 2.0
[4295847, -4295826] 7.0
[-4295844, 4295837] 0.05
[-4295844, 4295840] 1.0
[4295828, -4295860] 150.5
[4295840, -4295850] 6.0
[-4295844, 4295847] 1.0
[4295840, -4295856] 1.0
[4295828, 4295843] 0.15000000000000002
[4295828, 4295848] 1.0
[4295840, 4295859] 1.0
[4295851, -4295851] 16036.35
[4295855, -4295847] 1.2000000000000002
[4295828, 4295849] 2.0
[4295837, 4295829] 3.0
[4295855, -4295852] 0.2
[4295855, -4295854] 10.15
[4295828, 4295856] 1.0
[4295855, -4295855] 49.800000000000004
[4295828, 4295827] 21.0
[4295828] 1.0
[4295828, 4295831] 7.0
[4295844, 4295847] 1.0
[4295828, 4295836] 2468.0
[4295828, 4295835] 2.0
[4295844, 4295851] 1.0
[4295828, 4295838] 0.30000000000000004
[4295847, -4295847] 764.1500000000001
[4295837] 1.0
[4295855, -4295839] 1.0
[4295840] 1.0
