[]
[566813, 276735, 1453562, 2663269, 875488, 561797, 3921878, 102350]
[1950301, 88283]
[] 1.0
[4295829, -4295837] 0.35000000000000003
[4295829, -4295840] 0.65
[-4295837, 4295828] 0.15000000000000002
[-4295850, 4295850] 1.0
[-4295841, 4295828] 0.05
[4295829, -4295850] 0.75
[-4295841, 4295837] 0.05
[4295856] 1.0
[4295829, -4295826] 1.0
[4295856, 4295829] 0.2
[4295829, -4295829] 889.0
[-4295829, 4295829] 1.05
[-4295837, 4295858] 1.0
[-4295841, 4295860] 1.0
[-4295841, 4295841] 0.05
[-4295826] 0.05
[-4295829] 38.0
[-4295837, 4295847] 0.55
[4295829, -4295860] 1.0
[-4295841, 4295847] 1.0
[-4295829, 4295859] 0.30000000000000004
[-4295837, 4295851] 0.05
[-4295841, 4295851] 0.05
[-4295837] 0.25
[-4295841] 0.15000000000000002
[-4295850, -4295836] 2.0
[-4295829, -4295850] 0.1
[-4295860, 4295837] 0.05
[4295856, -4295850] 0.05
[-4295850] 1.0
[-4295829, -4295860] 1.0
[-4295860, 4295847] 1.0
[4295829, 4295829] 0.5
[4295856, -4295826] 1.0
[4295856, -4295829] 21.0
[-4295860] 1.0
[-4295829, -4295837] 0.9500000000000001
[-4295860, 4295828] 0.05
[-4295829, -4295840] 2.0
[4295856, -4295837] 0.25
[-4295829, -4295826] 2.0
[-4295829, -4295827] 1.0
[-4295826, 4295851] 0.05
[-4295829, -4295829] 33.0
[-4295860, 4295851] 0.05
[4295856, -4295860] 1.0
[4295829] 3.0
[-4295826, 4295828] 0.05
[-4295860, 4295860] 1.0
