[]
[4223682, 169296, 788329, 2488797, 1218090, 1352509, 1600785, 1754199, 117855]
[1338160]
[4295844, 4295828] 0.1
[] 1.0
[4295837, -4295829] 0.37250000000000005
[4295844] 1.0
[4295840, 4295829] 1.0
[4295837, -4295837] 0.4375
[4295837, -4295840] 0.11500000000000002
[4295854, -4295855] 1.62
[4295844, 4295837] 0.05
[4295851] 1.0
[4295854, -4295854] 4.2
[4295844, 4295840] 0.05
[4295854] 0.05
[4295855] 0.05
[4295861] 1.0
[4295828, -4295839] 0.25
[4295828, -4295838] 3.25
[4295828, -4295841] 0.9025000000000001
[4295828, -4295840] 1.3350000000000002
[-4295844, 4295828] 0.1
[4295828, -4295850] 1.3875000000000002
[4295828, -4295827] 0.6000000000000001
[4295837, -4295850] 0.1
[4295828, -4295826] 4.0
[4295828, -4295829] 51.56750000000001
[4295855, 4295829] 0.005000000000000001
[4295828, -4295828] 335.0375
[4295837, -4295856] 4.0
[-4295861, 4295828] 0.1
[4295828, -4295837] 12.255000000000003
[4295837, -4295860] 1.0
[-4295844, 4295851] 1.0
[-4295844, 4295854] 0.2
[-4295844] 1.0
[-4295844, 4295855] 0.15000000000000002
[-4295844, 4295861] 0.05
[4295861, 4295861] 1.0
[-4295861, 4295851] 1.0
[-4295844, 4295837] 0.05
[-4295844, 4295840] 0.05
[-4295861] 1.0
[4295828, -4295860] 0.8950000000000001
[4295861, -4295861] 0.7000000000000001
[4295854, 4295829] 0.005000000000000001
[4295844, 4295861] 0.05
[4295828, 4295848] 1.0
[4295851, -4295851] 4130.2825
[4295861, 4295851] 1.0
[4295828, 4295849] 0.2
[4295837, 4295829] 0.1
[4295861, 4295855] 2.0
[4295855, -4295854] 4.2
[4295861, 4295854] 0.15000000000000002
[4295828, 4295856] 0.05
[4295855, -4295855] 1.62
[4295861, 4295858] 1.0
[4295861, 4295828] 0.2
[4295828, 4295827] 0.55
[4295828] 0.05
[4295828, 4295829] 2.0
[4295828, 4295831] 1.0
[4295861, 4295837] 0.05
[4295828, 4295836] 0.6275000000000001
[4295828, 4295835] 0.25
[4295844, 4295851] 1.0
[4295828, 4295838] 0.4
[4295844, 4295854] 0.2
[4295861, 4295840] 0.05
[4295844, 4295855] 0.15000000000000002
[4295837] 1.0
[4295840] 1.0
