[]
[239571, 769475, 1254858, 17946, 3628267, 437051, 2627093, 1049359, 135421]
[2941835]
[-4295837, 4295827] 1.5
[] 1.0
[-4295837, 4295826] 0.8500000000000001
[-4295829, 4295836] 0.05
[-4295837, 4295828] 0.16000000000000003
[-4295829, 4295839] 11.0
[-4295837, 4295830] 1.4500000000000002
[-4295837, 4295832] 5.0
[-4295837, 4295834] 1.8600000000000003
[-4295837, 4295839] 0.12350000000000004
[-4295840, -4295839] 2.0
[-4295837, 4295841] 0.25
[-4295829, 4295848] 1.0
[-4295837, 4295840] 0.03237500000000001
[4295827, 4295829] 1.0
[-4295829, 4295827] 2.2
[-4295829, 4295829] 0.030500000000000006
[-4295829, 4295833] 0.21250000000000002
[-4295837, 4295859] 7.0
[-4295837, 4295858] 6.65
[-4295837, 4295861] 0.9
[-4295837, 4295860] 0.23750000000000002
[-4295837, 4295862] 5.0
[-4295829, 4295850] 2.0
[-4295837, 4295842] 0.2
[-4295837, 4295845] 3.3000000000000003
[-4295826] 25.0
[-4295837, 4295844] 0.25
[-4295829] 0.005862500000000001
[-4295837, 4295847] 1.1700000000000002
[-4295837, 4295846] 3.0
[-4295829, 4295859] 12.100000000000001
[-4295833] 1.0
[-4295837, 4295851] 2.0
[-4295837, 4295853] 0.8375
[-4295837, 4295852] 0.4175
[-4295837] 0.19650000000000004
[-4295837, 4295855] 0.4575
[-4295837, 4295854] 2.35
[-4295837, 4295857] 4.1000000000000005
[-4295839] 1.0
[4295827, -4295839] 3.0
[-4295850, -4295836] 0.35000000000000003
[-4295840, 4295855] 0.225
[-4295840, 4295858] 2.9000000000000004
[-4295840, 4295857] 4.45
[4295829, 4295849] 2.0
[-4295840, 4295860] 0.035
[4295829, 4295848] 1.0
[-4295840, 4295859] 2.0
[-4295839, 4295828] 0.05
[-4295840, 4295861] 0.65
[-4295839, 4295837] 0.05
[4295829, 4295856] 0.15000000000000002
[4295829, 4295859] 1.0
[-4295839, 4295839] 1.0
[4295829, 4295829] 0.065
[-4295840, 4295839] 8.5
[4295829, 4295831] 7.0
[-4295840, 4295841] 0.35000000000000003
[-4295840, 4295844] 1.1500000000000001
[4295829, 4295835] 2.0
[4295827, -4295829] 12.0
[-4295840, 4295845] 1.25
[4295829, 4295836] 6.175000000000001
[-4295840, 4295847] 2.3000000000000003
[4295829, 4295838] 0.30000000000000004
[-4295840, 4295852] 1.3
[-4295840, 4295851] 2.0
[4295829, 4295843] 0.15000000000000002
[-4295840, 4295854] 0.9500000000000001
[-4295840, 4295853] 3.0
[-4295840, -4295861] 1.3
[-4295839, 4295858] 1.0
[4295829, 4295827] 1.2000000000000002
[-4295833, -4295833] 0.4
[4295827, 4295859] 0.15000000000000002
[-4295839, 4295840] 1.0
[-4295840, -4295845] 1.1500000000000001
[-4295840, -4295844] 1.1500000000000001
[-4295839, 4295851] 1.0
[-4295840, -4295857] 1.1500000000000001
[4295829, -4295838] 5.65
[4295829, -4295837] 0.027387500000000006
[4295829, -4295840] 1.6525000000000003
[-4295833, 4295833] 0.052500000000000005
[4295829, -4295839] 3.0
[-4295850, 4295850] 0.2
[4295829, -4295841] 0.33412500000000006
[4295829, -4295843] 0.15000000000000002
[-4295860, -4295857] 2.0
[4295829, -4295850] 0.41250000000000003
[-4295860, -4295861] 2.0
[-4295850, 4295829] 0.1
[-4295826, 4295855] 0.30000000000000004
[4295859] 1.0
[4295829, -4295826] 4.0
[-4295826, 4295860] 3.0
[4295829, -4295828] 2.4534812500000007
[-4295826, 4295859] 0.15000000000000002
[4295829, -4295827] 0.65
[4295829, -4295829] 1.0869125000000004
[4295829, -4295833] 1.0
[-4295860, -4295845] 2.0
[-4295833, 4295829] 1.0
[-4295860, -4295844] 0.4
[-4295826, -4295845] 1.0
[-4295840, 4295826] 4.0
[-4295840, 4295828] 0.1075
[-4295840, 4295827] 1.55
[-4295840, 4295830] 0.1
[-4295840, 4295834] 0.0675
[-4295840, 4295837] 0.04037500000000001
[4295829, -4295860] 0.01957500000000001
[-4295829, -4295847] 1.04
[-4295840] 0.0695
[-4295860, 4295837] 0.005625000000000001
[-4295837, -4295857] 3.4000000000000004
[-4295860, 4295840] 5.0
[-4295829, -4295852] 0.19000000000000003
[-4295860, 4295839] 1.0
[-4295829, -4295854] 0.025125000000000005
[-4295860, 4295841] 0.1
[-4295829, -4295853] 1.0
[-4295837, -4295861] 1.0
[-4295860, 4295844] 0.35000000000000003
[-4295829, -4295855] 0.08050000000000002
[-4295860, 4295845] 4.0
[-4295850] 0.025
[-4295829, -4295860] 2.0
[-4295860, 4295847] 2.0
[-4295837, -4295839] 1.0
[-4295829, -4295834] 1.7000000000000002
[-4295829, -4295833] 2.85
[-4295829, -4295836] 0.05
[-4295837, -4295844] 0.24000000000000005
[-4295860] 0.012625000000000004
[-4295837, -4295846] 1.0
[-4295829, -4295837] 6.0
[-4295837, -4295845] 1.35
[-4295860, 4295828] 0.04000000000000001
[-4295829, -4295840] 0.6000000000000001
[-4295860, 4295827] 0.1
[-4295829, -4295839] 3.25
[-4295829, -4295842] 1.0
[-4295826, 4295837] 0.5
[-4295829, -4295826] 7.0
[-4295826, 4295847] 1.0
[-4295829, -4295827] 0.08750000000000001
[-4295826, 4295851] 2.0
[-4295829, -4295829] 0.385
[-4295860, 4295851] 2.0
[-4295860, 4295854] 0.65
[4295827] 0.75
[-4295860, 4295855] 0.08500000000000002
[4295829] 0.30000000000000004
[-4295826, 4295828] 0.25
[-4295860, 4295858] 0.65
[-4295860, 4295857] 1.0
[-4295860, 4295860] 0.0021250000000000006
[-4295860, 4295859] 0.8
[-4295860, 4295861] 2.0
