[]
[2467700, 816269, 282242, 1771725, 516079, 1807328, 2706626, 2623719, 760148]
[2249942]
[] 1.0
[3480809, -3481024] 4.0
[-3480838, 3481021] 1.0
[3480809, -3481022] 2.0
[3480846, -3480887] 12.15
[3480846, -3480884] 3.0
[3480846, 3480881] 8.0
[3480809, -3481018] 2.8000000000000003
[3480846, -3480894] 16.1
[3480846, 3481147] 1.0
[-3480834, 3480915] 3.0
[3480846, -3480902] 6.0
[3480846, -3480903] 1.9000000000000001
[3480846] 2.0
[3480846, -3480914] 1.0
[3480809, -3481045] 3.0
[3480809, -3481046] 2.0
[3480846, -3481434] 1.0
[3480846, -3480920] 1.0
[3480846, -3480918] 10.0
[3480846, -3480919] 15.0
[3480846, -3480916] 9.3
[3480846, 3480850] 0.05
[3480846, -3480917] 1.0
[3480809, -3481063] 3.0
[3480846, -3480931] 3.1
[3480846, -3480926] 1.0
[3480846, -3481180] 2.0
[3480809, -3480813] 1.35
[3480809, -3481070] 4.95
[3480846, -3480934] 0.24000000000000005
[3480809, -3480811] 1.4500000000000002
[3480809, -3480812] 2.3225000000000002
[3480846, -3480932] 1.85
[3480809, -3480809] 15.055000000000001
[3480846, -3480933] 0.5725000000000001
[3480809, -3480810] 33.0
[3480809, -3480822] 13.0
[-3480838, 3480819] 2.0
[3480846, -3481198] 8.0
[3480846, -3480942] 3.0
[3480809, -3480819] 2.4425000000000003
[3480846, -3481199] 3.0
[3480809] 2.0
[3480809, -3481076] 0.30000000000000004
[-3480834, 3480835] 41.0
[3480846, -3481082] 17.0
[-3480834, 3480836] 3.0
[3480846, -3480824] 9.0
[-3480834, 3480834] 4.0
[3480846, -3480822] 9.0
[3480846, -3481076] 3.85
[-3480852, 3480876] 1.0
[3480809, 3480819] 1.0
[3480846, -3480833] 1.0
[3480846, -3480831] 2.0
[-3480834, 3480837] 1.0
[3480846, -3480828] 12.0
[3480809, 3480821] 1.0
[-3480834, 3480838] 1.0
[3480809, -3480962] 2.0
[-3480834, 3480851] 7.0
[-3480834, 3480850] 0.1
[3480846, -3481093] 2.0
[3480846, -3480850] 2.0
[3480846, -3481104] 15.0
[3480846, -3480846] 4.5375000000000005
[3480846, -3480859] 13.9
[3480846, -3480857] 21.0
[3480846, -3481111] 4.0
[3480846, -3480855] 5.0
[3480846, 3481171] 1.0
[3480846, -3480853] 39.0
[3480846, -3480867] 8.0
[3480846, -3480864] 5.0
[3480846, 3480918] 1.0
[3480846, -3480862] 8.0
[3480846, 3480923] 1.0
[3480846, -3480860] 0.7250000000000001
[-3480838, 3481004] 1.0
[3480846, 3480930] 4.0
[3480846, 3480929] 1.0
[3480846, -3480883] 7.0
[3480809, -3481013] 1.0
[3480846, -3480881] 12.15
[3480846, -3480879] 2.75
[3480846, -3481018] 2.85
[3480846, -3481019] 1.0
[3480846, 3481261] 0.25
[3480809, -3480894] 0.8500000000000001
[3480846, -3481013] 16.0
[3480846, -3481282] 1.0
[3480809, -3480903] 0.7000000000000001
[3480846, -3481024] 18.0
[3480809, 3480881] 3.0
[3480846, -3481281] 3.0
[3480809, -3480902] 0.30000000000000004
[3480846, -3481022] 3.0
[-3480852, 3480819] 1.0
[3480809, 3480884] 1.0
[3480809, 3481147] 1.0
[3480846, -3481033] 8.0
[3480846, -3481042] 5.0
[3480809, -3480919] 1.0
[3480846, -3481040] 5.0
[3480809, -3480918] 1.0
[-3480838, 3480915] 3.0
[3480846, -3481038] 0.55
[-3480852, 3480835] 2.0
[3480846, -3481050] 1.0
[-3480852, 3480850] 0.05
[3480846, -3481046] 18.0
[3480846, -3481045] 1.0
[3480809, -3480922] 2.0
[3480846, -3481058] 1.0
[3480809, -3480933] 5.0
[3480809, -3480934] 1.0
[3480809, -3480931] 2.0
[3480846, -3481055] 3.0
[3480809, -3480932] 4.0
[-3480852, 3480852] 1.0
[-3480834, 3480819] 2.0
[3480846, -3480810] 16.150000000000002
[3480846, -3480811] 0.9200000000000002
[-3480852, 3480863] 1.0
[3480846, -3480809] 11.15
[3480809, -3481198] 1.0
[3480809, -3480942] 5.0
[3480846, -3481063] 8.0
[3480846, -3480819] 16.367500000000003
[3480846, -3481070] 6.050000000000001
[3480846, -3480812] 57.95
[3480846, -3480813] 2.3400000000000003
[3480809, -3480831] 5.0
[-3480852] 1.0
[3480846, -3481209] 8.0
[3480846, -3480953] 5.0
[3480846, -3481207] 7.0
[3480846, 3480819] 1.0
[3480809, -3480828] 1.0
[-3480852, 3481004] 1.0
[3480846, -3481205] 1.0
[3480809, -3481082] 21.0
[3480846, -3480962] 14.0
[3480846, -3480963] 2.0
[-3480838, 3480837] 1.0
[-3480838, 3480838] 1.0
[3480846, 3480821] 1.0
[-3480838, 3480835] 51.0
[-3480838, 3480836] 3.0
[3480846, -3480956] 1.0
[-3480838, 3480834] 5.0
[3480846, -3481227] 1.0
[3480809, -3481104] 1.0
[-3480838] 22.0
[3480809, -3480846] 1.8125
[-3480852, 3481021] 1.0
[3480809, -3481100] 4.0
[3480809, -3480844] 1.0
[-3480834] 15.0
[3480809, -3480855] 2.0
[3480846, -3480979] 18.05
[-3480838, 3480851] 7.0
[-3480838, 3480852] 1.0
[-3480838, 3480850] 0.1
[-3480838, 3480863] 1.0
[3480809, -3480864] 2.0
[3480846, -3480982] 1.0
[3480809, -3480859] 3.0
[3480809, -3480860] 4.2
[3480809, -3480857] 2.0
[3480809, 3481171] 2.0
[3480809, -3480868] 1.0
[3480809, 3480918] 1.0
[3480846, -3481002] 6.8500000000000005
[3480809, -3480879] 2.0
[-3480838, 3480876] 1.0
[3480846, -3481266] 6.0
[3480809, -3480887] 21.3
[3480846, -3481011] 3.0
[3480809, 3480929] 1.0
[3480846, -3481006] 26.0
[3480846, 3481324] 0.05
[3480809, -3481139] 1.0
[3480809, -3480881] 3.0
