[]
[145239, 4202933, 52487, 389826, 1322419, 2413740, 4258233, 2178910, 601014]
[4271293]
[] 1.0
[4295854, -4295847] 2.0
[4295854, -4295855] 3.4025
[4295851] 1.0
[4295854, -4295854] 0.9825000000000002
[4295854] 1.0
[4295855] 0.1
[4295855, 4295859] 1.0
[4295861] 0.05
[4295828, -4295839] 0.15000000000000002
[4295855, 4295839] 0.55
[4295828, -4295838] 0.28250000000000003
[4295828, -4295841] 0.3273750000000001
[4295828, -4295840] 0.07450000000000001
[4295828, -4295843] 0.0075000000000000015
[4295828, -4295850] 0.01725
[4295828, -4295827] 0.65
[4295855, 4295827] 0.65
[4295828, -4295826] 0.2
[4295828, -4295829] 21.631875000000004
[4295855, 4295829] 0.2
[4295828, -4295828] 49.069500000000005
[4295854, 4295859] 1.0
[4295828, -4295833] 1.0
[4295828, -4295837] 0.532
[4295854, 4295839] 0.9
[4295861, -4295857] 2.0
[4295828, -4295860] 7.525
[4295854, 4295827] 0.2
[4295861, -4295861] 0.1
[4295854, 4295829] 0.15000000000000002
[4295828, 4295843] 0.0075000000000000015
[4295828, 4295848] 1.0
[4295851, -4295851] 40.09087500000001
[4295855, -4295847] 0.22000000000000003
[4295861, 4295851] 1.0
[4295828, 4295849] 0.1
[4295855, -4295852] 0.0175
[4295861, 4295855] 2.0
[4295855, -4295854] 0.07250000000000001
[4295861, 4295854] 0.2
[4295861, 4295857] 1.0
[4295828, 4295856] 1.0
[4295855, -4295855] 0.254375
[4295861, 4295858] 0.2
[4295861, 4295828] 0.05
[4295828, 4295827] 1.05
[4295828] 0.05
[4295828, 4295831] 0.35000000000000003
[4295861, 4295837] 1.0
[4295828, 4295836] 0.30850000000000005
[4295828, 4295835] 0.1
[4295828, 4295838] 0.015000000000000003
[4295861, 4295840] 0.05
[4295855, -4295839] 2.0
