[]
[872157, 1959852, 609144, 2143506, 531963, 1280048, 1061348, 2098774, 2123375]
[1294936]
[3480836, -3480836] 4.0
[] 1.0
[3480819, -3480822] 14.0
[3480819, -3480819] 2.7036250000000006
[-3480848, 3480819] 0.05
[3481004, 3480850] 2.0
[3480819, -3480818] 1.0
[3480819, -3480828] 6.0
[3480836, -3480838] 4.0
[3480819, -3480824] 17.0
[3481004, -3480938] 2.0
[-3480848, 3480835] 3.0
[3481004, -3480939] 0.09000000000000001
[3480819, -3480833] 1.0
[3480863, -3481173] 0.5
[3480819, -3480831] 0.21250000000000002
[3480819, -3480846] 0.231
[3480819, -3480844] 2.0
[-3480848, 3480844] 2.0
[3480819, -3480853] 1.1
[3480835, -3480838] 8.0
[3480835, -3480835] 0.6175000000000002
[3480835, -3480836] 6.0
[3480835, -3480834] 12.0
[3480819, -3480850] 1.0
[3480819, 3480918] 1.0
[3480819, -3480862] 23.3
[3481004, 3480821] 1.0
[3480819, -3480859] 7.4
[3480819, -3480860] 4.8375
[3481004, 3480819] 1.0
[3480836, 3480914] 1.0
[3480819, -3480857] 9.700000000000001
[3480819, 3480929] 4.0
[3480819, -3480855] 6.0
[3480863, 3481099] 2.0
[3480819, -3480867] 6.0
[3480835, -3480852] 2.0
[3480819, -3480868] 2.0
[3480819, 3480930] 4.0
[3480835, 3480952] 1.0
[3480819, -3481378] 1.0
[3480850, 3481003] 4.0
[3480850, -3481324] 5.300000000000001
[3480850, -3480812] 18.0
[3480850, 3481002] 1.0
[3480835, 3480954] 1.0
[3480850, -3480810] 8.0
[3480819, -3481386] 1.0
[3480819, -3481266] 2.0
[3481004, -3480868] 1.0
[3481004, -3480863] 0.35250000000000004
[3480819, -3481285] 1.0
[3480819, -3481283] 1.0
[3480819, -3481281] 1.0
[3480819, -3481282] 20.0
[3481004, 3480933] 1.0
[3480895, -3481099] 2.0425
[3481004, 3480894] 1.0
[3480819, -3481316] 2.0
[3480850, -3481249] 9.450000000000001
[3480819, -3480813] 0.39300000000000007
[-3480848, 3480813] 0.1
[3480819, -3480811] 1.2300000000000002
[3480819, -3480812] 5.510000000000001
[3480819, -3480809] 1.4402500000000003
[3480819, -3480810] 1.4375
[3480850, 3480881] 7.0
[3480836, 3480809] 0.15000000000000002
[3480819, -3481199] 2.0
[3480835, 3480844] 3.0
[3480819, -3481207] 5.0
[3480835, 3480846] 0.4
[3480835, 3480853] 2.0
[3480863, -3481044] 1.0
[3480819, -3481227] 7.0
[3480835, 3480864] 1.0
[3480850, -3481174] 4.0
[3480819, -3481238] 2.0
[3480850, -3481173] 2.0
[3480835, 3480809] 1.7000000000000002
[3480850, -3481171] 2.0
[3481004, -3480836] 1.0
[3480835, 3480812] 1.0
[3481004, -3480837] 1.4000000000000001
[3480863, 3480972] 2.0
[3480835, 3480821] 1.0
[3480863, 3480974] 1.0
[3480835, 3480822] 4.0
[3480819, 3481324] 2.0
[3480835, 3480827] 2.0
[3480863, 3480988] 1.0
[3480819, 3480884] 1.0
[3480819, -3481139] 1.0
[-3480848] 0.05
[3480819, 3481404] 0.35000000000000003
[3480835, -3481131] 3.2
[3480863, -3480972] 1.0
[3480863, -3480988] 4.0
[3480835, 3480869] 10.0
[3480863, 3481025] 3.0
[3480850, -3481111] 1.0
[3480835, 3480867] 1.0
[3480819, 3480850] 0.45
[3480863, -3480998] 1.3
[3480863, -3480996] 3.0
[3480863, -3481004] 16.0
[3480863, -3481012] 1.0
[3480819, 3480881] 2.0
[3480850, -3481014] 1.0
[3480819, -3481076] 3.4000000000000004
[3481004, 3481099] 2.0
[3480850] 1.0
[3480863] 2.0
[3480835, -3481065] 1.0
[3480863, 3480881] 2.0
[3480863, 3480879] 2.0
[3480863, -3480917] 2.0
[3480836] 1.0
[3480835, -3481071] 4.0
[3480835] 43.0
[3480819, -3481101] 2.0
[3480895, -3480895] 0.408125
[3480863, -3480938] 2.0
[3480819, 3481171] 2.0
[3480835, -3481090] 16.0
[3480819] 0.05
[3480819, -3481104] 3.0
[3480819, -3481115] 1.0
[3480863, -3480939] 0.18000000000000002
[3480863, 3480850] 2.0
[3480863, -3480962] 1.0
[3480835, -3481112] 1.0
[3480819, -3481013] 1.0
[3480819, -3481014] 2.0
[3480819, -3481011] 1.0
[3480863, 3480933] 1.0
[3480863, -3480837] 1.9000000000000001
[3480819, -3481007] 1.0
[3480863, -3480836] 2.0
[3480819, -3481022] 4.0
[3480819, -3481018] 8.0
[3480850, -3480966] 3.0
[3480850, -3480962] 1.0
[3480819, -3481024] 3.0
[3480819, -3481038] 0.9500000000000001
[3480863, -3480863] 0.5850000000000001
[3480819, -3481033] 4.0
[3480819, -3481031] 1.0
[3480819, -3481045] 5.0
[3480819, -3481046] 4.0
[3480863, 3480894] 1.0
[3480863, 3480901] 1.0
[3480819, -3481042] 3.0
[3480819, -3481040] 3.0
[3480863, -3480868] 1.0
[3481027, 3480939] 2.0
[3481027, 3480938] 1.0
[3480895] 1.0
[3480850, -3480996] 1.0
[3480850, -3480997] 6.0
[3480819, 3481261] 4.0
[3480819, -3481070] 6.5
[3480850, -3481003] 2.0
[3480819, -3481063] 2.5
[3480835, -3480928] 13.0
[3480850, -3480881] 3.0
[3480835, -3480941] 2.0
[3480819, -3480957] 1.0
[3480850, -3481404] 2.0
[3480819, -3480956] 1.0
[3480835, -3480937] 1.0
[3480835, -3480938] 0.65
[3480835, -3480936] 3.0
[3480835, -3480949] 11.0
[3481004, 3480988] 1.0
[3480819, -3480962] 10.0
[3480819, -3480971] 1.0
[3480835, 3481119] 1.0
[3480835, -3480952] 1.0
[3480819, -3480979] 9.850000000000001
[3480835, -3480972] 1.0
[3480835, -3480970] 1.8
[3480850, -3480923] 1.0
[3480819, -3480983] 0.05
[3480835, 3481070] 0.15000000000000002
[3480850, -3480942] 2.0
[3480819, -3481006] 3.0
[3480850, -3480941] 1.0
[3480819, -3481002] 5.6000000000000005
[3480850, -3480939] 1.0
[3480835, -3480869] 5.0
[3480850, -3480822] 10.0
[3481004, -3480988] 3.0
[3480835, -3480870] 1.0
[3480835, -3480867] 1.0
[3481027, 3480835] 3.0
[3480819, -3480881] 0.5475000000000001
[3480850, -3480819] 1.0
[3480819, -3480879] 9.3
[3480819, -3481391] 1.0
[3481027, 3480844] 2.0
[3480819, -3480894] 0.9175000000000001
[3480850, -3480831] 4.0
[3480835, -3480875] 1.0
[3480819, 3481147] 1.0
[3480850, -3480828] 7.0
[3480850, -3480827] 1.0
[3480835, -3480871] 1.0
[3480819, -3480887] 9.200000000000001
[3480850, -3480824] 5.0
[3480850, -3480825] 1.0
[3481004, -3481004] 2.0
[3480819, -3480902] 8.0
[3480863, 3480821] 2.0
[3480850, -3480832] 2.0
[3480863, 3480819] 1.0
[3481027] 0.05
[3480850, -3480844] 4.0
[3480819, -3480906] 1.0
[3480819, -3480903] 1.4500000000000002
[3480819, -3480917] 2.0
[3480819, -3480916] 10.75
[3480850, -3480850] 3.0101250000000004
[3480819, -3480914] 1.0
[3481027, 3480813] 0.1
[3480835, -3480910] 1.0
[3480819, -3480922] 1.0
[3480819, -3480919] 1.0
[3480819, -3480933] 2.7925000000000004
[3480819, -3480934] 1.5
[3481027, 3480819] 0.05
[3480819, -3480931] 1.3125
[3480819, -3480932] 9.65
[3480835, -3480913] 2.0
[3481004, 3481025] 2.0
[3480850, -3480864] 16.0
[3480850, -3480878] 5.0
[3480850, -3480876] 1.0
[-3480848, 3480939] 2.0
[-3480848, 3480938] 1.0
[3481004] 1.0
