[]
[1376405, 2908076, 789709, 533450, 216277, 2360211, 1315235, 2548833, 1312889]
[1892406]
[] 1.0
[3480881, -3480822] 2.0
[3480831, -3480931] 2.0
[3480881, -3480831] 0.30000000000000004
[3481293, 3481239] 0.6000000000000001
[3481293, -3481315] 3.35
[3481293, 3481238] 2.5
[3481294, 3480831] 1.0
[3480881, -3480963] 1.0
[3480831, -3480819] 1.0
[3480881, -3480962] 1.0
[3480831, -3480831] 0.35000000000000003
[-3481295] 0.55
[3480831, -3480960] 1.0
[3480881, -3480971] 1.0
[3480881, -3480844] 1.0
[3481294, 3481295] 0.15000000000000002
[3481294, 3481294] 0.35000000000000003
[-3481295, 3481397] 0.2
[3481294, 3481293] 32.0
[-3480881] 1.0
[3481294, -3481238] 1.0
[-3481295, 3480881] 0.1
[3480831] 1.0
[3480881, -3480985] 2.0
[3480881, -3480997] 1.0
[3480881, -3480867] 1.0
[3481294, 3481315] 12.0
[3481293, -3480851] 1.0
[-3481295, 3481294] 0.35000000000000003
[-3481295, 3481295] 0.15000000000000002
[-3481295, 3481293] 32.0
[-3481295, -3481295] 0.5
[-3481295, -3481294] 0.15000000000000002
[3480881, 3480881] 1.0
[-3480881, 3480881] 0.5
[3480881, -3480881] 0.6000000000000001
[-3481295, -3481238] 1.0
[3480831, -3480868] 1.0
[3481294, 3480881] 0.1
[3480831, -3480881] 1.0
[3481294, 3481397] 0.2
[3481293, 3480921] 1.0
[3481294] 0.6000000000000001
[3481293] 23.0
[3480831, -3481024] 1.0
[3481294, -3481294] 0.15000000000000002
[3481294, -3481295] 0.5
[3481293, -3481274] 1.0
[3480881] 0.15000000000000002
[3480831, -3480902] 1.0
[3481293, -3481397] 1.0
[3481293, 3480881] 5.0
[3481293, 3480887] 0.45
[-3481295, 3480831] 1.0
[3480881, -3480935] 4.0
[3480831, -3481045] 5.0
[3480831, -3480916] 1.0
[-3480881, -3480881] 1.0
[3481293, -3481293] 11.55
