[]
[1004012, 1120661, 104837, 422492, 692790, 1510218, 49821, 311003, 3070417]
[707219]
[] 1.0
[4295837, -4295829] 89.7
[4295840, 4295829] 3.0
[4295837, -4295837] 88.4
[4295837, -4295840] 39.550000000000004
[4295851] 1.0
[4295837, -4295839] 3.0
[4295853] 2.6500000000000004
[4295834, -4295853] 6.0
[4295837, -4295826] 12.0
[4295828, -4295839] 3.0
[4295828, -4295838] 5.65
[4295840, -4295829] 4.7
[4295828, -4295841] 130.95000000000002
[4295828, -4295840] 29.8
[4295828, -4295843] 0.15000000000000002
[4295839, 4295829] 1.0
[4295853, -4295853] 3.0
[4295840, -4295837] 34.0
[4295828, -4295850] 6.9
[4295840, -4295840] 27.0
[4295853, -4295832] 2.0
[4295828, -4295827] 13.0
[4295837, -4295850] 0.7000000000000001
[4295853, -4295834] 139.0
[4295828, -4295826] 4.0
[4295828, -4295829] 8652.75
[4295828, -4295828] 19627.8
[4295828, -4295833] 1.0
[4295853, -4295839] 2.3000000000000003
[4295853, -4295842] 1.75
[4295828, -4295837] 212.8
[4295837, -4295860] 14.9
[4295840, -4295860] 7.0
[4295837, 4295859] 1.0
[4295839, -4295834] 4.0
[4295834, 4295829] 1.0
[4295839, -4295839] 4.0
[4295839, -4295842] 1.0
[4295828, -4295860] 150.5
[4295828, 4295843] 0.15000000000000002
[4295834, -4295834] 16.0
[4295828, 4295848] 1.0
[4295840, 4295859] 1.0
[4295851, -4295851] 82605.65000000001
[4295834, -4295839] 6.0
[4295837, 4295827] 8.0
[4295828, 4295849] 2.0
[4295837, 4295829] 4.0
[4295828, 4295856] 1.0
[4295828, 4295827] 21.0
[4295828] 1.0
[4295828, 4295831] 7.0
[4295828, 4295836] 123.4
[4295834] 6.0
[4295853, 4295829] 1.0
[4295828, 4295835] 2.0
[4295828, 4295838] 0.30000000000000004
[4295837] 1.0
[4295840] 1.0
[4295839] 0.1
