[]
[1547717, 272721, 461375, 299965, 276062, 1510218, 2844533, 626294, 4195007]
[422492]
[] 1.0
[4295837, -4295829] 61.6
[4295837, 4295859] 1.0
[4295837, -4295837] 110.25
[4295837, -4295840] 40.35
[4295851] 1.0
[4295855] 5.0
[4295837, 4295836] 0.05
[4295855, 4295859] 4.0
[4295828, -4295860] 150.5
[4295837, -4295826] 1.0
[4295837, -4295827] 1.0
[4295828, -4295839] 3.0
[4295855, 4295839] 2.0
[4295828, 4295843] 0.15000000000000002
[4295828, -4295838] 5.65
[4295828, -4295841] 130.95000000000002
[4295828, -4295840] 29.8
[4295828, -4295843] 0.15000000000000002
[4295828, 4295848] 1.0
[4295851, -4295851] 82605.65000000001
[4295855, -4295847] 2.2
[4295837, 4295827] 5.0
[4295828, 4295849] 2.0
[4295837, 4295829] 7.0
[4295855, -4295852] 0.15000000000000002
[4295855, -4295854] 10.3
[4295828, 4295856] 1.0
[4295828, -4295850] 138.0
[4295855, -4295855] 59.800000000000004
[4295828, 4295827] 1.05
[4295828] 1.0
[4295828, -4295827] 13.0
[4295837, -4295850] 0.75
[4295855, 4295827] 1.05
[4295828, -4295826] 4.0
[4295828, 4295831] 7.0
[4295828, -4295829] 173055.0
[4295855, 4295829] 11.0
[4295828, -4295828] 19627.8
[4295828, 4295836] 2468.0
[4295828, 4295835] 2.0
[4295828, -4295833] 1.0
[4295828, 4295838] 0.30000000000000004
[4295837, -4295856] 5.0
[4295837] 1.0
[4295828, -4295837] 212.8
[4295837, -4295860] 7.8500000000000005
