[]
[535547, 2358080, 2645405, 1322659, 264467, 2101688, 1673445, 1715943, 1411211]
[2801493]
[] 1.0
[3480827, -3480937] 1.0
[3480827, 3480831] 1.0
[3480827, -3480807] 5.0
[3480846, 3480881] 3.0
[3480811, -3480824] 1.0
[3480811, 3480821] 1.0
[3480827, -3480822] 6.0
[3480811, 3480819] 1.0
[3480827, -3480820] 2.0
[3480811, 3480824] 2.0
[3480963, -3480935] 1.0
[3480963, -3480822] 30.8
[3480811, -3480846] 2.45
[3480827, -3480827] 14.75
[3480827, -3481211] 0.75
[3480827, -3480955] 1.0
[3480962] 1.0
[3480811, 3480831] 1.0
[3480963] 1.0
[3480846] 1.0
[3480811, -3480853] 2.0
[3480963, -3480955] 1.0
[3480963, -3481084] 1.0
[3480963, -3480825] 14.600000000000001
[3480827, -3480962] 2.0
[3480811, -3481104] 1.0
[3480949] 1.0
[3480963, -3480963] 66.0
[3480811, -3480859] 0.35000000000000003
[3480811, -3480860] 2.0
[3480963, -3480962] 8.0
[3480827, 3481056] 1.0
[3480846, -3480931] 1.0
[3480963, -3480972] 2.0
[3480827] 2.0
[3480962, -3480822] 2.0
[3480846, -3480811] 0.9500000000000001
[3480846, -3480809] 4.800000000000001
[3480811, 3480929] 1.0
[3480962, -3480956] 1.0
[3480827, -3480996] 0.2
[3480827, -3481122] 1.0
[3480962, -3480825] 0.1
[3480846, -3480813] 5.3500000000000005
[3480811] 1.0
[3480827, -3480864] 2.5
[3480963, -3480869] 1.0
[3480827, 3480892] 1.0
[3480963, -3480867] 1.0
[3480846, -3480824] 1.0
[3480962, -3480962] 0.5
[3480811, 3480881] 3.0
[3480962, -3480963] 6.7
[3480846, 3480819] 1.0
[3480827, -3480874] 1.0
[3480827, -3481127] 1.0
[3480963, -3480864] 1.0
[3480846, 3480824] 2.0
[3480963, -3480875] 1.0
[3480962, -3480844] 1.0
[3480846, 3480821] 1.0
[3480827, -3481012] 1.0
[3480949, 3480963] 1.0
[3480827, -3480881] 1.0
[3480949, 3480962] 1.0
[3480962, -3480971] 2.0
[3480949, -3480949] 1.0
[3480949, -3480950] 2.0
[3480962, -3481111] 1.0
[3480846, 3480831] 1.0
[3480827, 3481044] 5.0
[3480846, -3481104] 1.0
[3480846, -3480846] 2.45
[3480846, -3480859] 0.35000000000000003
[3480963, 3480867] 1.0
[3480827, 3480859] 1.0
[3480962, -3480997] 1.6500000000000001
[3480846, -3480853] 2.0
[3480811, -3480931] 1.0
[3480846, -3480860] 2.0
[3480811, -3480813] 5.3500000000000005
[3480963, -3481043] 1.0
[3480811, -3480811] 0.9500000000000001
[3480811, -3480809] 4.800000000000001
[3480846, 3480929] 1.0
[3480827, 3480883] 1.0
[3480949, 3481068] 1.0
[3480827, -3481057] 1.0
