[]
[3687240, 272721, 152407, 1322419, 482301, 276062, 1510218, 3205135, 3424443]
[422492]
[] 1.0
[4295837, -4295829] 4.800000000000001
[4295837, 4295859] 1.0
[4295837, -4295837] 7.050000000000001
[4295837, -4295840] 1.35
[4295851] 1.0
[4295855] 3.0
[4295855, 4295859] 1.0
[4295828, -4295860] 150.6
[4295837, -4295826] 1.0
[4295828, -4295839] 3.0
[4295855, 4295839] 1.0
[4295828, 4295843] 0.2
[4295828, -4295838] 5.65
[4295828, -4295841] 133.4
[4295828, -4295840] 30.0
[4295828, -4295843] 0.2
[4295828, 4295848] 2.0
[4295851, -4295851] 82605.65000000001
[4295855, -4295847] 1.4000000000000001
[4295828, 4295849] 0.45
[4295837, 4295829] 0.25
[4295855, -4295852] 0.2
[4295855, -4295854] 11.350000000000001
[4295828, 4295856] 2.0
[4295828, -4295850] 140.0
[4295855, -4295855] 60.95
[4295828, 4295827] 1.05
[4295828] 2.0
[4295828, 4295829] 3.0
[4295828, -4295827] 13.0
[4295855, 4295827] 1.35
[4295828, -4295826] 7.0
[4295828, 4295831] 8.0
[4295828, -4295829] 173284.0
[4295855, 4295829] 8.0
[4295828, -4295828] 19642.95
[4295828, 4295836] 2469.0
[4295828, 4295835] 0.35000000000000003
[4295828, 4295838] 0.6000000000000001
[4295828, -4295833] 1.0
[4295837] 1.0
[4295828, -4295837] 215.15
[4295837, -4295860] 8.0
