[]
[2884621, 27410, 286631, 1112950, 1315235, 1577075, 2024850, 543909, 3154558]
[959080]
[] 1.0
[3480867, 3480867] 0.1
[3481295, 3481295] 0.05
[3481295, 3481294] 0.05
[3481295, -3481238] 0.2
[3481293, 3481239] 0.65
[3481293, -3481315] 3.35
[3480867, -3481294] 1.0
[3481293, 3481238] 2.5
[3481294, 3480831] 0.1
[-3480867, 3481294] 0.4
[-3480867, 3481295] 0.15000000000000002
[-3481295, 3480867] 0.1
[3480867, -3481295] 0.35000000000000003
[-3480867, 3481293] 27.0
[3481295, -3480881] 1.0
[3480831, -3480831] 3.75
[-3481295] 0.45
[3481295, 3480813] 1.0
[3481295, 3480881] 1.0
[3481294, 3481295] 0.15000000000000002
[3481294, 3481294] 0.4
[3481294, 3481293] 30.0
[3481294, -3480867] 0.1
[3480831] 1.0
[3481294, 3481315] 1.0
[-3480867] 0.1
[3481293, -3480851] 1.0
[-3481295, 3481294] 0.4
[-3481295, 3481295] 0.15000000000000002
[3481295, -3481295] 5.050000000000001
[-3481295, 3481293] 30.0
[3481295, 3481293] 2.6
[-3480867, -3480867] 0.1
[-3481295, -3481295] 0.35000000000000003
[-3481295, -3481294] 1.0
[-3480867, 3480831] 0.05
[3481294, 3481397] 1.0
[3481293, 3480921] 1.0
[-3481295, -3480867] 0.1
[3481294] 0.55
[3481293] 20.0
[3481295] 0.1
[3481294, -3481294] 0.1
[3481294, -3481295] 0.35000000000000003
[3480867, 3480831] 0.05
[-3480867, 3480867] 0.1
[3480867, -3480867] 0.1
[3481293, -3481274] 1.0
[3481293, -3481397] 0.05
[3481293, 3480881] 0.25
[3480867, 3481293] 27.0
[3481293, 3480887] 0.5
[-3480867, -3481295] 0.35000000000000003
[-3481295, 3480831] 0.05
[-3480867, -3481294] 1.0
[3480867, 3481295] 0.15000000000000002
[3480867, 3481294] 0.4
[3480831, 3480881] 1.0
[3481295, 3480831] 0.1
[3480831, -3481045] 1.1500000000000001
[3481294, 3480867] 0.1
[3480867] 0.1
[3480831, -3480929] 2.0
[3481293, -3481293] 11.3
