[]
[2097650, 1995018, 2665007, 560575, 565297, 2624324, 1049998, 391066, 1191917]
[287360]
[] 1.0
[3480819, -3480822] 12.0
[3480819, -3480819] 5.440750000000001
[3480819, -3481076] 3.25
[3480819, -3480818] 1.0
[-3480830, 3481026] 1.0
[-3480813, 3481022] 1.0
[3480819, -3480828] 24.0
[3480819, -3481082] 2.0
[3480819, -3481093] 3.0
[3480819, -3480831] 2.0
[3480819, -3481101] 10.0
[3480819, -3480846] 0.3661250000000001
[3480819, -3480844] 1.0
[-3480830, -3481022] 4.0
[-3480830, 3481052] 3.0
[3480924, -3481022] 1.0
[3480819, -3480853] 7.5
[-3480809, 3480925] 1.0
[3480819, 3481171] 1.0
[3480823] 2.0
[3480819, -3481105] 1.0
[3480819, -3480850] 13.950000000000001
[3480819, -3481103] 2.0
[3480819] 1.0
[3480819, -3481104] 8.0
[3480819, 3480918] 1.0
[-3480813, -3480986] 1.0
[3480819, -3480862] 22.700000000000003
[3480819, -3480859] 6.45
[3480819, -3481115] 3.0
[3480819, -3480860] 26.950000000000003
[3480819, -3480857] 14.100000000000001
[3480819, 3480929] 1.0
[3480819, -3480855] 21.0
[3480819, -3480856] 8.0
[3480924, -3481052] 1.0
[-3480846, -3480994] 1.0
[3480819, -3480867] 4.0
[3480819, 3480930] 4.0
[-3480830, 3480819] 1.0
[3480819, -3481378] 1.0
[3480819, -3480864] 5.0
[-3480830, -3480985] 1.0
[3480819, -3481386] 1.0
[-3480830, 3480828] 1.0
[-3480813, 3480813] 0.4
[-3480846, 3480809] 3.0
[3480819, -3481014] 1.0
[3480819, -3481011] 7.0
[3480924, 3480828] 1.0
[3480819, -3481266] 25.0
[-3480809, 3480822] 2.0
[3480819, -3481022] 2.0
[-3480830, -3480809] 1.9500000000000002
[3480819, -3481018] 16.05
[-3480830, -3480813] 9.0
[3480924] 0.1
[3480819, -3481285] 0.9500000000000001
[-3480809, 3480844] 2.0
[3480819, -3481283] 1.25
[3480819, -3481027] 2.0
[3480819, -3481284] 1.1
[-3480830, -3480822] 0.05
[3480819, -3481024] 1.7000000000000002
[3480819, -3481038] 0.2
[3480819, -3481033] 4.0
[3480819, -3481031] 1.0
[-3480809, 3480846] 3.0
[3480819, -3481045] 2.0
[-3480813, 3480984] 6.0
[3480819, -3481046] 18.0
[-3480830, -3481024] 0.1
[3480819, -3481042] 1.0
[3480819, -3481040] 1.0
[3480819, -3481051] 3.0
[3480819, -3481050] 1.0
[-3480813, 3480986] 1.0
[-3480862, 3480983] 2.0
[-3480830, -3481046] 1.0
[3480819, -3481311] 0.6000000000000001
[3480819, -3481055] 2.0
[3480819, -3481312] 0.7000000000000001
[3480819, -3480813] 4.565
[3480819, -3481070] 6.800000000000001
[-3480830, -3481050] 1.0
[3480819, -3480811] 0.8400000000000001
[3480819, -3481323] 1.0
[3480819, -3481067] 2.0
[3480819, -3480812] 0.5745000000000001
[3480924, 3480819] 1.0
[3480819, -3480809] 1.0365000000000002
[3480819, -3480810] 0.13975
[3480819, -3481063] 5.0
[-3480830, -3481052] 2.0
[-3480830, -3480867] 1.0
[3480819, -3481204] 1.0
[3480819, -3480945] 4.0
[-3480862, 3480867] 1.0
[3480819, -3481199] 2.0
[3480823, -3480823] 4.219250000000001
[3480819, -3480953] 10.0
[3480819, -3481209] 1.0
[3480819, -3481207] 17.0
[3480819, -3480963] 1.0
[3480819, -3480962] 4.0
[-3480830, 3480927] 0.2
[3480819, -3481227] 3.0
[3480819, -3481228] 1.0
[-3480862, -3480867] 2.0
[3480819, -3481238] 0.15000000000000002
[3480819, -3480979] 25.85
[-3480830, -3480846] 4.0
[3480819, -3480984] 1.0
[3480819, -3480997] 1.0
[-3480809, 3480812] 1.0
[3480823, -3481117] 3.0050000000000003
[3480819, -3481249] 2.0
[3480924, 3480881] 1.0
[-3480809, 3480809] 0.2
[-3480809, 3480807] 3.0
[-3480830, -3480859] 1.0
[3480819, -3481006] 2.3000000000000003
[-3480809, 3480821] 1.0
[3480819, -3481002] 2.7
[-3480830, -3480860] 1.0
[3480924, -3480927] 3.0
[3480819, 3480884] 1.0
[3480924, -3480813] 1.0
[3480819, -3480883] 8.0
[3480819, -3481139] 9.0
[3480819, -3480881] 0.053125000000000006
[3480924, -3480809] 3.0
[-3480813, 3480821] 1.0
[3480819, -3480879] 2.85
[3480819, -3481391] 1.0
[-3480813, 3480819] 1.0
[3480819, -3480894] 7.7
[3480819, 3481147] 3.0
[-3480862] 0.7000000000000001
[-3480813, 3480831] 2.0
[3480819, -3480887] 2.3150000000000004
[3480819, -3480902] 4.0
[-3480809, 3481226] 3.0
[-3480862, -3480983] 1.0
[3480819, -3480895] 2.0
[-3480862, 3480831] 1.0
[-3480846] 2.0
[-3480846, 3480846] 1.0
[3480819, -3480906] 1.0
[-3480830, 3481116] 2.0
[3480819, -3480903] 4.0
[3480819, 3480850] 0.05
[3480819, -3480916] 3.95
[-3480830, 3480867] 1.0
[3480819, -3480926] 2.0
[-3480830] 15.450000000000001
[3480819, -3480922] 1.0
[3480819, -3481434] 1.0
[3480819, -3480919] 2.0
[3480924, -3480846] 2.0
[3480819, -3480933] 1.0550000000000002
[3480819, -3480934] 1.75
[3480819, -3480931] 0.24000000000000005
[3480819, -3480932] 3.1500000000000004
[-3480830, 3480881] 3.0
[-3480813] 38.0
[-3480813, 3480880] 1.0
[3480819, -3480942] 1.0
[-3480862, 3480862] 6.0
[3480819, 3480881] 2.0
[-3480830, -3480927] 2.0
[-3480809] 5.0
[3480819, -3480935] 1.0
