[]
[1872893, 704124, 602593, 577123, 43644, 1635860, 2203244, 392488, 2636247]
[1134512]
[] 1.0
[-3481044] 1.0
[3480974, -3480891] 0.4
[-3480822, 3481037] 1.0
[-3480855, -3480867] 1.0
[3480974, 3480891] 0.25
[-3480855, -3480869] 2.0
[3480974] 6.0
[3480974, -3480913] 1.0
[-3481044, 3480901] 1.0
[3480974, -3480910] 0.30000000000000004
[-3480855, 3481070] 1.0
[3480821] 1.0
[-3480855, 3480812] 1.0
[-3480855, 3481068] 0.15000000000000002
[3480974, 3480846] 0.30000000000000004
[-3480855, 3480810] 1.0
[-3480855, 3480811] 1.0
[-3480855, 3480809] 0.30000000000000004
[-3480855, 3481065] 0.04750000000000001
[-3480855, 3480822] 2.0
[-3480855, 3480950] 0.15000000000000002
[-3480855, -3480835] 0.35000000000000003
[3480974, 3480855] 3.0
[-3480855, -3480834] 1.0
[3480974, 3480854] 1.0
[-3480822, 3480822] 0.2
[-3480855, 3480949] 0.35000000000000003
[3480974, 3480987] 4.0
[-3481044, 3481044] 0.30000000000000004
[-3480855, -3481100] 1.0
[-3480855, -3480972] 1.0
[-3480822, -3480969] 1.0
[3480974, -3481065] 2.0
[3480974, 3480868] 0.027500000000000004
[-3480855, 3480827] 0.30000000000000004
[-3480855, -3480974] 1.0
[-3480855, -3480852] 0.9
[3480974, -3480818] 0.29500000000000004
[-3480855, 3480962] 0.2
[-3480855, 3480963] 0.30000000000000004
[-3480855, 3480846] 3.0
[3480974, -3480954] 0.05
[-3480855] 0.30000000000000004
[3480974, -3480949] 2.0
[-3480822, 3480855] 1.0
[3480974, 3480952] 0.2
[-3480855, 3480855] 0.45
[-3480822, 3480853] 1.0
[-3480822, 3480854] 1.0
[3480974, 3480949] 1.0
[-3481044, 3480821] 1.0
[3480974, -3481086] 0.25
[3480974, 3481084] 1.0
[3480974, 3480827] 3.0
[3480974, -3481087] 1.0
[3480974, 3480826] 2.0
[-3481044, -3480962] 1.0
[3480974, 3480825] 2.0
[-3480855, -3481068] 0.15000000000000002
[-3480855, -3481065] 0.30000000000000004
[-3480855, -3481071] 1.0
[3480974, 3480963] 0.1
[3480974, 3480962] 0.45
[-3480855, 3480869] 1.0
[3480974, -3480974] 1.0
[-3480855, 3480864] 1.0
[-3480855, -3480950] 0.15000000000000002
[-3480855, -3480949] 0.2
[3480974, 3480910] 2.0
[-3480822] 1.0
[3480974, 3481037] 1.0
[-3480822, -3481023] 1.0
[3480974, 3480914] 1.0
[-3480855, 3480881] 1.0
[3480974, -3480868] 0.45
[3480974, 3480812] 0.1
[3480974, 3480809] 0.55
[3480974, 3481065] 1.0
