[]
[2821978, 61253, 818186, 2524017, 2387763, 3293531, 1875350, 15661, 2631942]
[2730201]
[3480820, -3480820] 5.15
[3480865, -3480807] 1.3
[3480840, -3480864] 1.0
[] 0.05
[3480865, -3480998] 1.0
[3480865, 3480928] 0.05
[3480820, -3480976] 0.1
[3480865, -3480996] 1.0
[3480820] 1.0
[3480865, -3480865] 83.0
[3480808, -3480808] 3175.0
[3480840, 3480821] 1.0
[3480865, 3480813] 1.0
[3480840, 3480883] 1.0
[3480840, 3480819] 1.0
[3480865, 3480881] 0.1
[3480808] 0.1
[3480840] 1.0
[3480865] 0.05
[3480865, 3480821] 1.0
[3480840, 3480859] 0.05
[3480865, -3480958] 0.05
[3480865, 3481144] 1.0
[3480820, -3480807] 0.2
