[]
[580345, 1693389, 2696221, 690894, 18405, 26775, 2045333, 1842439, 2401945]
[2708282]
[] 1.0
[3480811, -3480828] 0.35000000000000003
[3480811, -3480824] 2.15
[3480811, 3480821] 2.0
[3480811, 3480819] 1.0
[3480811, 3480824] 0.25
[3480811, 3480823] 1.0
[3480811, -3480831] 0.05
[3480811, -3480846] 65.0
[3480811, 3480960] 0.1
[3480811, 3480831] 1.0
[3480811, -3480853] 2.0
[3480811, -3480982] 1.0
[-3480838, 3480915] 2.0
[3480811, -3480862] 1.0
[3480811, -3480859] 1.9000000000000001
[3480811, -3480860] 8.0
[3480811, -3480984] 2.0
[3480811, -3480864] 3.0
[-3480834, 3480819] 1.0
[3480811, 3480923] 0.25
[3480811, 3480929] 1.0
[3480811, -3481011] 1.0
[-3480838, 3480819] 1.0
[3480811, -3480881] 0.4
[3480811] 2.0
[-3480834, 3480835] 43.0
[-3480834, 3480836] 0.25
[3480811, -3480894] 0.7000000000000001
[3480811, -3481022] 1.0
[-3480834, 3480834] 3.0
[-3480838, 3480839] 4.0
[-3480838, 3480837] 0.1
[-3480838, 3480835] 66.0
[-3480834, 3480839] 4.0
[3480811, 3480889] 1.0
[-3480838, 3480836] 0.4
[-3480834, 3480837] 1.0
[-3480838, 3480834] 5.0
[-3480834, 3480851] 0.4
[-3480838] 1.85
[-3480834, 3480850] 4.0
[-3480834] 1.2000000000000002
[3480811, -3481046] 0.15000000000000002
[3480811, -3480918] 2.0
[3480811, -3480916] 1.0
[-3480838, 3480851] 0.65
[-3480838, 3480850] 5.0
[3480811, -3481180] 1.0
[3480811, -3480919] 1.0
[3480811, -3480933] 1.0
[3480811, -3480934] 0.9500000000000001
[3480811, -3480931] 4.0
[3480811, -3480932] 0.6000000000000001
[3480811, -3480813] 3.0
[3480811, -3480811] 9.3
[3480811, -3480809] 10.4
[3480811, -3480822] 1.0
[3480811, -3480945] 2.0
