[]
[630840, 1911711, 723384, 2371376, 55525, 1052550, 266904, 97278, 2118623]
[884660]
[] 1.0
[3480813, -3480887] 5.4725
[3480813, -3480888] 1.0
[3480813, 3480881] 4.0
[3480813, 3480884] 1.0
[3480974, -3481025] 1.0
[3480813, -3480895] 5.0
[3480813, -3480894] 0.17450000000000002
[3480813, -3480906] 2.0
[3480813, -3480903] 1.5
[3480813, -3480902] 1.25
[3480813, -3480916] 1.1
[3480821] 1.0
[3480813, -3481434] 1.0
[3480813, -3480922] 1.0
[3480813, -3480919] 2.0
[3480813, 3480850] 2.0
[3480813, -3480917] 3.0
[3480813, -3480918] 1.0
[3480813, -3480931] 0.11212500000000002
[3480813, -3480932] 2.68
[3480813, -3480933] 0.040893750000000006
[3480813, -3480934] 0.4575
[3480813] 0.05
[3480813, -3481199] 3.0
[3480813, -3480828] 0.75
[3480974, -3480952] 0.05
[3480813, -3481082] 0.275
[3480813, -3480824] 3.0500000000000003
[3480813, -3480822] 1.9000000000000001
[3480813, -3481090] 1.0
[3480813, -3480831] 0.45
[3480974, 3480827] 4.0
[3480813, -3480844] 2.0
[3480813, -3481093] 1.0
[3480813, -3480850] 1.0
[3480974, -3480974] 0.4
[3480813, -3481104] 0.8
[3480813, -3480848] 2.0
[3480974, -3480972] 0.15000000000000002
[3480813, -3480846] 0.04398750000000001
[3480813, -3480859] 5.15
[3480813, -3481115] 2.0
[3480813, -3480860] 0.8117500000000002
[3480813, -3480857] 1.0425000000000002
[3480813, -3480855] 4.0
[3480813, -3481111] 1.0
[3480813, 3481171] 1.0
[3480813, -3480856] 4.0
[3480813, -3480853] 0.37250000000000005
[3480813, -3480867] 2.0
[3480813, 3480918] 1.0
[3480813, -3481378] 1.0
[3480813, -3480864] 3.0
[3480813, -3480862] 3.755000000000001
[3480813, -3480876] 1.0
[3480813, 3480930] 4.0
[3480813, 3480929] 1.0
[3480813, -3480883] 5.0
[3480813, -3481139] 0.15000000000000002
[3480813, -3480881] 0.4
[3480813, -3480879] 0.6125
[3480813, -3481391] 1.0
[3480974, 3480811] 1.0
[3480974, -3481004] 1.0
[3480974, 3480809] 0.35000000000000003
[3480813, -3481018] 2.45
[3480813, -3481013] 1.0
[3480813, -3481014] 3.0
[3480813, -3481027] 3.0
[3480813, -3481283] 0.25
[3480813, -3481284] 0.25
[3480813, -3481281] 1.0
[3480974, 3480892] 1.0
[3480813, -3481024] 0.30000000000000004
[3480813, -3481022] 2.2
[3480813, -3481033] 2.0
[3480813, -3481031] 1.0
[3480813, -3481285] 0.25
[3480974] 6.0
[3480813, -3481041] 1.0
[3480813, -3481042] 0.55
[3480974, -3480913] 0.30000000000000004
[3480813, -3481039] 1.0
[3480813, -3481040] 0.55
[3480813, -3481038] 0.12000000000000002
[3480974, 3480846] 1.0
[3480813, -3481045] 4.0
[3480813, -3481046] 3.0
[3480813, -3481316] 2.0
[3480974, 3480860] 1.0
[3480813, -3481312] 0.1
[3480813, -3480811] 0.334
[3480974, 3480864] 1.0
[3480974, -3480938] 0.1
[3480813, -3480812] 4.1335937500000004E-4
[3480813, -3480809] 0.007884062500000002
[3480974, -3480936] 0.65
[3480813, -3480810] 0.0018640625000000005
[3480974, -3480937] 0.05
[3480813, -3481063] 0.7000000000000001
[3480813, -3480819] 0.0017382812500000002
[3480813, -3481076] 0.35000000000000003
[3480974, -3480944] 1.0
[3480974, 3480869] 0.25
[3480974, 3480875] 0.05
[3480813, -3480813] 0.07918750000000002
[3480813, -3481070] 0.17175000000000004
[3480974, -3480941] 0.4
[3480813, -3480956] 2.0
[3480813, -3480953] 1.85
[3480813, -3481209] 3.0
[3480813, 3481324] 1.0
[3480813, -3481207] 3.0
[3480813, -3480963] 3.0
[3480974, -3481090] 0.4
[3480974, -3480834] 0.30000000000000004
[3480813, -3481220] 1.0
[3480974, -3480835] 0.018125000000000002
[3480813, -3480962] 1.3
[3480813, -3480971] 2.0
[3480813, -3481227] 4.0
[3480974, -3480838] 0.4
[3480974, -3480836] 3.35
[3480813, -3480979] 0.15925000000000003
[3480974, -3480852] 2.0
[3480813, -3481238] 2.0
[3480974, -3480874] 1.0
[3480974, -3481131] 0.5
[3480813, -3481002] 0.5300000000000001
[3480974, -3480868] 1.0
[3480974, -3480869] 0.25
[3480813, -3481265] 0.4
[3480813, -3481266] 0.6000000000000001
[3480813, -3481007] 1.0
[3480813, -3481261] 1.0
[3480813, -3481006] 0.55
