[]
[1055408, 217026, 2794318, 639551, 1112950, 1098839, 744581, 1567017, 1364266]
[1317946]
[] 1.0
[3481293, -3481315] 3.4000000000000004
[3481293, 3481239] 1.2000000000000002
[3481293, 3481238] 3.45
[3481293, 3480921] 1.0
[3481294, 3480831] 0.05
[3481293, -3480809] 0.15000000000000002
[3481294] 0.15000000000000002
[3481293] 47.0
[-3481295] 0.15000000000000002
[3481294, -3481294] 0.05
[3481294, 3481295] 0.05
[3481293, -3481274] 1.0
[3481294, 3481293] 10.0
[3481293, 3480819] 0.05
[3481293, 3480881] 0.30000000000000004
[3481293, -3481397] 1.0
[3481293, 3480887] 1.1500000000000001
[3481293, -3481028] 0.5
[-3481295, 3480831] 0.05
[3481293, 3480821] 1.0
[3481293, 3480957] 0.05
[3481293, 3480828] 1.0
[3481293, -3480851] 1.0
[-3481295, 3481295] 0.05
[3481293, 3480965] 1.0
[-3481295, 3481293] 10.0
[3481293, -3481293] 11.4
[-3481295, -3481294] 0.05
[3481293, -3480846] 0.05
