[]
[184339, 1257474, 2762200, 109938, 635242, 1655775, 51773, 69534, 3117680]
[214866]
[3480836, -3480836] 163.0
[] 1.0
[3480836, -3480834] 170.0
[3480836, -3480835] 2.0
[3480836, -3481088] 1.0
[3480849] 1.0
[3480836, -3480842] 94.0
[3480836, -3480843] 94.0
[3480836, -3480841] 1.0
[3480841, -3480996] 1.0
[3480836, -3480851] 2.0
[3480836, -3480849] 1.3
[3480836] 0.65
[3480848, 3480836] 0.30000000000000004
[3480848, 3480841] 0.15000000000000002
[3480849, 3480809] 2.0
[3480848] 1.0
[3480836, -3481112] 1.0
[3480841] 2.0
[3480841, -3481012] 0.4
[-3480876, -3480876] 1.0
[3480848, 3480844] 0.05
[3480836, -3480867] 1.0
[3480836, -3480870] 5.45
[3480836, -3480871] 5.45
[3480841, 3481012] 0.2
[3480836, -3480882] 2.0
[3480836, 3480925] 0.4
[-3480876] 1.0
[-3480876, -3480845] 0.8
[-3480845, -3481036] 1.0
[-3480845, -3480848] 12.0
[-3480845, 3481180] 1.0
[3480849, 3480871] 0.9500000000000001
[3480849, 3480870] 0.9500000000000001
[3480841, 3481126] 3.0
[-3480845, -3480876] 16.0
[3480841, 3481125] 3.0
[3480848, 3480849] 1.0
[3480848, 3480848] 1.0
[3480841, -3480958] 0.05
[3480849, 3480821] 0.05
[3480841, 3480819] 3.0
[3480841, 3480821] 2.0
[3480849, 3480841] 0.30000000000000004
[3480849, -3480974] 0.05
[3480849, -3480972] 1.0
[3480849, 3480844] 0.25
[3480849, -3480851] 1.0
[3480836, 3480809] 0.65
[3480849, -3480849] 0.8500000000000001
[3480836, -3480972] 1.0
[3480836, -3480970] 1.0
[3480841, -3481125] 1.85
[3480841, -3481126] 1.85
[3480849, 3480925] 0.1
[3480836, 3480822] 5.0
[3480849, -3480871] 2.3000000000000003
[3480836, 3480821] 0.5
[3480849, -3480870] 2.3000000000000003
[3480836, -3480974] 0.2
[-3480845, 3480876] 10.0
[3480848, -3480845] 0.8
[3480841, -3480881] 1.0
[3480841, 3480881] 1.0
[-3480845, 3480895] 2.0
[-3480876, 3480841] 0.15000000000000002
[-3480876, 3480836] 0.30000000000000004
[-3480876, 3480849] 1.0
[3480836, -3481021] 2.0
[-3480876, 3480848] 1.0
[3480848, -3480876] 1.0
[-3480876, 3480844] 0.05
[3480836, 3480870] 3.9000000000000004
[3480836, 3480867] 1.0
[3480841, 3480974] 3.0
[3480836, 3480871] 3.9000000000000004
[3480836, -3481180] 1.0
[-3480845] 14.0
[3480841, -3480822] 2.0
[3480836, 3480841] 1.1500000000000001
[3480836, 3480844] 0.9
[3480841, -3480837] 4.0
[3480841, -3480836] 4.0
[-3480845, 3480841] 0.15000000000000002
[3480849, -3480835] 1.0
[-3480845, 3480836] 0.5
[3480849, -3480836] 61.0
[3480841, -3480844] 1.0
[-3480845, 3480834] 1.35
[3480841, -3480841] 6404.0
[3480849, -3480834] 55.0
[-3480845, 3480848] 10.0
[-3480845, 3480849] 3.0
[3480836, 3480860] 0.6000000000000001
[3480836, -3480952] 1.0
[3480849, -3480843] 46.0
[-3480845, 3480844] 0.55
[3480849, -3480841] 1.0
[-3480845, 3480842] 0.45
[3480849, -3480842] 46.0
[-3480845, 3480843] 0.45
