[]
[239571, 3281248, 1722248, 3112428, 572011, 1120661, 480355, 29958, 1510218]
[4229760]
[] 1.0
[4295837, -4295829] 5.690000000000001
[4295854, -4295847] 0.9500000000000001
[4295837, -4295833] 1.0
[4295840, 4295829] 0.25
[4295837, -4295837] 5.25
[4295854, -4295852] 0.5
[4295837, -4295840] 1.7425000000000002
[4295854, -4295855] 1.0025000000000002
[4295851] 1.0
[4295854, -4295854] 7.2
[4295854] 0.15000000000000002
[4295837, -4295841] 0.6000000000000001
[4295855] 0.05
[4295858] 3.0
[4295855, 4295859] 1.0
[4295837, -4295826] 2.0
[4295828, -4295839] 3.0
[4295855, 4295839] 1.0
[4295828, -4295838] 0.3125
[4295840, -4295829] 0.55
[4295828, -4295841] 7.525
[4295828, -4295840] 1.925
[4295828, -4295843] 0.15000000000000002
[4295828, -4295846] 1.0
[4295840, -4295837] 1.3
[4295828, -4295850] 0.795
[4295858, -4295858] 10.15
[4295828, -4295827] 0.65
[4295837, -4295850] 0.4
[4295828, -4295826] 7.0
[4295828, -4295829] 452.88500000000005
[4295855, 4295829] 0.1
[4295828, -4295828] 1059.6375
[4295854, 4295859] 4.0
[4295828, -4295833] 1.0
[4295837, -4295856] 0.30000000000000004
[4295828, -4295837] 13.342500000000001
[4295837, -4295860] 0.3325
[4295854, 4295839] 1.0
[4295837, 4295859] 1.0
[4295828, -4295860] 8.055000000000001
[4295854, 4295829] 0.25
[4295828, 4295843] 0.15000000000000002
[4295828, 4295848] 2.0
[4295840, 4295859] 1.0
[4295851, -4295851] 4130.2825
[4295855, -4295847] 0.9500000000000001
[4295837, 4295827] 3.0
[4295828, 4295849] 2.0
[4295837, 4295829] 0.2
[4295855, -4295852] 0.5
[4295855, -4295854] 3.1500000000000004
[4295828, 4295856] 2.0
[4295855, -4295855] 0.8775000000000001
[4295828, 4295827] 1.3
[4295828] 0.1
[4295828, 4295829] 1.0
[4295828, 4295831] 0.4
[4295828, 4295836] 6.232500000000001
[4295828, 4295835] 2.0
[4295828, 4295838] 0.027500000000000004
[4295837] 1.0
[4295840] 1.0
