[]
[1739899, 34690, 2291382, 105030, 4204584, 276062, 1480666, 631445, 1988273]
[252276]
[] 1.0
[4295837, -4295829] 3.8700000000000006
[4295840, 4295827] 9.0
[4295840, 4295829] 0.25
[4295837, -4295837] 8.580000000000002
[4295837, -4295840] 2.4775000000000005
[-4295845, 4295828] 0.15000000000000002
[4295851] 1.0
[4295837, -4295839] 1.0
[4295834, -4295853] 1.6
[4295837, -4295826] 1.0
[4295828, -4295839] 3.0
[-4295845, 4295851] 2.0
[4295840, -4295826] 3.0
[4295828, -4295838] 5.65
[4295840, -4295829] 8.167500000000002
[4295828, -4295841] 6.827500000000001
[4295828, -4295840] 2.1725000000000003
[4295828, -4295843] 0.15000000000000002
[4295840, -4295837] 11.0
[4295840, -4295839] 2.0
[4295828, -4295850] 0.885
[4295840, -4295840] 11.010000000000002
[-4295845, 4295837] 2.0
[4295828, -4295827] 15.0
[4295837, -4295850] 0.30000000000000004
[4295828, -4295826] 4.0
[4295828, -4295829] 461.4175
[4295828, -4295828] 1310.8000000000002
[-4295845, 4295840] 2.0
[4295828, -4295833] 1.0
[-4295845, 4295845] 2.0
[-4295845, 4295844] 2.0
[4295828, -4295837] 15.127500000000001
[4295837, -4295860] 7.550000000000001
[4295840, -4295860] 4.067500000000001
[-4295845] 2.0
[4295837, 4295859] 1.0
[4295834, 4295829] 0.05
[4295828, -4295860] 9.165000000000001
[4295840, -4295850] 6.1000000000000005
[4295840, -4295856] 1.0
[4295828, 4295843] 0.15000000000000002
[4295834, -4295832] 11.0
[4295834, -4295834] 3.2
[4295828, 4295848] 1.0
[4295851, -4295851] 801.8175000000001
[4295834, -4295839] 1.5
[4295837, 4295827] 1.35
[4295828, 4295849] 2.0
[4295837, 4295829] 0.30000000000000004
[4295834, -4295842] 16.0
[4295828, 4295856] 2.0
[-4295845, -4295844] 2.0
[4295828, 4295827] 1.05
[4295828] 0.1
[4295828, 4295831] 8.0
[4295828, 4295836] 6.345000000000001
[4295834] 29.0
[4295828, 4295835] 2.0
[4295828, 4295838] 0.30000000000000004
[4295837] 1.0
[4295840] 1.0
