[]
[2529652, 2450726, 193665, 1827455, 1606844, 1642319, 504654, 2867205, 911395]
[1742105]
[-4295837, 4295827] 5.0
[] 1.0
[-4295837, 4295826] 15.0
[-4295837, 4295828] 2.95
[-4295829, 4295839] 130.0
[-4295837, 4295830] 15.0
[-4295837, 4295832] 29.0
[-4295837, 4295834] 45.150000000000006
[-4295837, 4295839] 13.8
[-4295837, 4295841] 0.30000000000000004
[-4295837, 4295840] 3.5500000000000003
[4295827, 4295829] 0.15000000000000002
[-4295829, 4295827] 111.0
[-4295829, 4295829] 10.850000000000001
[-4295829, 4295831] 1.0
[-4295829, 4295833] 34.0
[-4295837, 4295859] 113.0
[-4295837, 4295858] 75.0
[-4295837, 4295861] 5.0
[-4295837, 4295860] 1.85
[-4295829, 4295850] 2.0
[-4295837, 4295842] 9.0
[-4295827] 1.0
[-4295837, 4295845] 10.0
[-4295826] 26.0
[-4295837, 4295844] 64.0
[-4295829] 51.300000000000004
[-4295837, 4295847] 24.1
[-4295837, 4295846] 8.0
[-4295829, 4295856] 1.0
[-4295829, 4295859] 25.0
[-4295837, 4295851] 2.0
[-4295829, 4295858] 1.0
[-4295837, 4295853] 3.2
[-4295837, 4295852] 9.3
[-4295837] 1065.0
[-4295837, 4295855] 53.0
[-4295837, 4295854] 10.0
[-4295837, 4295857] 11.0
[4295827, -4295839] 1.0
[-4295840, 4295855] 42.0
[-4295840, 4295858] 55.0
[-4295840, 4295857] 6.0
[4295829, 4295849] 6.0
[-4295840, 4295860] 0.9500000000000001
[4295829, 4295848] 1.0
[-4295840, 4295859] 6.0
[-4295840, 4295861] 9.0
[4295829, 4295856] 2.0
[4295829, 4295859] 0.2
[4295829, 4295829] 0.4
[-4295840, 4295839] 3.3000000000000003
[4295829, 4295831] 4.0
[-4295840, 4295842] 1.0
[-4295840, 4295841] 0.2
[-4295840, 4295844] 15.0
[4295829, 4295835] 3.0
[4295827, -4295829] 5.0
[-4295840, 4295845] 12.0
[4295829, 4295836] 14.05
[-4295840, 4295847] 4.95
[4295829, 4295838] 8.0
[-4295840, 4295852] 1.05
[-4295840, 4295851] 2.0
[4295829, 4295843] 1.0
[-4295840, 4295854] 12.0
[-4295840, 4295853] 0.30000000000000004
[-4295840, -4295861] 5.0
[4295829, 4295827] 1.0
[-4295840, -4295845] 5.0
[-4295840, -4295844] 15.0
[-4295840, -4295857] 10.0
[4295829, -4295838] 24.0
[4295829, -4295837] 65.5
[4295829, -4295840] 187.0
[-4295850, 4295850] 6.2
[4295829, -4295841] 9.35
[4295829, -4295843] 1.0
[-4295860, -4295857] 5.0
[4295829, -4295850] 3.8000000000000003
[-4295826, 4295853] 1.0
[-4295826, 4295855] 5.0
[4295859] 1.0
[-4295826, 4295858] 1.0
[4295829, -4295826] 63.0
[-4295826, 4295860] 1.0
[4295829, -4295828] 3165.8
[-4295826, 4295859] 1.0
[4295829, -4295827] 3.0
[4295829, -4295829] 799.1
[-4295827, -4295839] 1.0
[4295829, -4295833] 4.0
[-4295860, -4295845] 2.0
[-4295860, -4295844] 20.0
[-4295826, -4295845] 1.0
[-4295826, -4295844] 2.0
[-4295840, 4295826] 2.0
[-4295840, 4295828] 2.0
[-4295840, 4295827] 1.0
[-4295840, 4295830] 8.0
[-4295840, 4295832] 22.0
[-4295840, 4295834] 89.0
[-4295840, 4295837] 12.8
[4295829, -4295860] 603.0
[-4295829, -4295847] 45.85
[-4295840] 18.55
[-4295829, -4295850] 5.0
[-4295860, 4295837] 79.0
[-4295837, -4295857] 38.0
[-4295829, -4295852] 75.0
[-4295860, 4295839] 45.0
[-4295860, 4295842] 1.0
[-4295829, -4295854] 90.0
[-4295860, 4295841] 0.1
[-4295829, -4295853] 21.0
[-4295837, -4295861] 2.0
[-4295860, 4295844] 20.0
[-4295829, -4295855] 12.100000000000001
[-4295829, -4295858] 2.0
[-4295860, 4295845] 1.0
[-4295850] 3.0
[-4295829, -4295860] 257.0
[-4295860, 4295847] 13.0
[-4295837, -4295839] 1.0
[-4295829, -4295834] 10.450000000000001
[-4295829, -4295833] 109.0
[-4295837, -4295844] 65.0
[-4295860] 154.0
[-4295860, 4295826] 5.0
[-4295827, 4295827] 4.0
[-4295829, -4295837] 5.9
[-4295837, -4295845] 21.0
[-4295860, 4295828] 1.8
[-4295827, 4295829] 0.2
[-4295829, -4295840] 34.0
[-4295860, 4295827] 1.0
[-4295829, -4295839] 11.950000000000001
[-4295829, -4295842] 6.0
[-4295829, -4295841] 4.1000000000000005
[-4295860, 4295834] 101.0
[-4295826, 4295837] 8.0
[-4295826, 4295839] 3.0
[-4295826, 4295841] 0.05
[-4295826, 4295844] 2.0
[-4295829, -4295826] 78.0
[-4295826, 4295847] 8.0
[-4295829, -4295827] 45.0
[-4295826, 4295851] 2.0
[-4295829, -4295829] 187.5
[-4295860, 4295852] 1.0
[-4295860, 4295851] 2.0
[-4295860, 4295854] 8.0
[4295827] 8.0
[-4295860, 4295853] 23.0
[-4295826, 4295826] 5.0
[-4295860, 4295855] 42.0
[4295829] 0.30000000000000004
[-4295826, 4295828] 0.4
[-4295860, 4295858] 15.0
[-4295827, 4295859] 1.0
[-4295860, 4295860] 1.05
[-4295860, 4295859] 41.0
[-4295860, 4295861] 1.0
