[]
[1837596, 316966, 1381335, 2108243, 2469345, 550285, 2744414, 538657, 848176]
[2726786]
[] 1.0
[3480865, 3480928] 1.0
[3480809, -3480894] 1.0
[3480820, -3480976] 0.15000000000000002
[3480808, -3480808] 2072.0
[3480840, 3480821] 1.0
[3480809, 3480821] 1.0
[3480840, 3480883] 1.0
[3480840, 3480819] 1.0
[3480865, 3480881] 1.0
[3480840] 0.1
[3480809, 3480824] 2.0
[3480809, -3480846] 0.65
[3480809, 3480831] 1.0
[3480865, 3480821] 1.0
[3480809, -3481033] 1.0
[3480809, -3480920] 2.0
[3480865, 3481144] 1.0
[3480820, -3480820] 0.30000000000000004
[3480865, -3480807] 24.0
[3480865, -3480998] 1.0
[3480809, -3480859] 0.45
[3480865, -3480996] 1.0
[3480809, -3480924] 1.0
[3480809, -3480860] 0.2
[3480820] 1.0
[3480865, -3480865] 158.0
[3480840, -3480859] 0.05
[3480840, -3480809] 1.0
[3480865, -3480874] 1.0
[3480809, 3480923] 1.0
[3480809, -3480879] 0.30000000000000004
[3480809, -3480813] 0.35000000000000003
[3480808] 1.0
[3480865, -3480822] 2.0
[3480809, -3480811] 0.15000000000000002
[3480865] 1.0
[3480809, -3480809] 1.9500000000000002
[3480840, 3480859] 1.0
[3480809] 1.0
