[]
[2110240, 1851071, 1139205, 532768, 2045798, 2512380, 2109644, 1272783, 308281]
[1893763]
[] 1.0
[3480831, -3480935] 2.0
[3480934, -3481055] 0.05
[3480934, -3481322] 1.0
[3480934, -3480811] 0.08712500000000001
[3480934, -3480808] 1.0
[3480972, -3480962] 1.35
[3480934, -3480809] 0.0019512500000000007
[3480934, -3481063] 0.25
[3480972, -3480972] 0.33087500000000003
[3480934, -3480819] 0.65
[3480934, -3481070] 1.0
[3480971, -3480935] 0.1
[3480935, -3480844] 0.1
[3480934, -3480813] 0.015018750000000004
[3480934, -3480822] 2.0
[3480934, -3481076] 2.0
[3480972, -3480974] 0.45
[3480972, -3480975] 1.0
[3480821] 1.0
[3480934, -3480833] 1.0
[3480934, -3480831] 0.05
[3480934, -3480828] 0.9275000000000001
[3480972, -3480996] 0.1
[3480971, -3480963] 0.1
[3480934, -3481097] 0.05
[3480831] 1.0
[3480971, -3480962] 0.1
[3480934, -3481093] 0.5
[3480934, -3481104] 3.5500000000000003
[3480971, -3480971] 0.30000000000000004
[3480934, -3480846] 9.546875000000002E-4
[3480934, -3481100] 0.30000000000000004
[3480934, -3480844] 2.0
[3480934, -3480845] 1.0
[3480934, 3480960] 1.0
[3480934, -3480859] 0.08825000000000002
[3480972, -3481010] 1.0
[3480934, -3480857] 4.0225
[3480934, -3480855] 0.25
[3480934, -3480853] 0.31750000000000006
[3480974, -3480954] 2.0
[3480974, -3480949] 1.0
[3480934, -3481002] 1.0
[3480974, 3480822] 2.0
[3480971, -3480866] 2.0
[3480934, -3481011] 2.0
[3480934, -3481265] 4.0
[3480934, -3481006] 0.5850000000000001
[3480934, -3481007] 0.05
[3480934, -3481018] 1.0
[3480934, -3481014] 0.2
[3480934, -3481013] 1.0
[3480934, -3481024] 1.05
[3480934, -3481022] 2.0
[3480971, 3480881] 1.0
[3480972, -3480930] 4.0
[3480934, -3481033] 2.0
[3480934, -3481031] 0.55
[3480972, -3481441] 2.0
[3480831, 3480881] 1.0
[3480934, -3481046] 1.3
[3480935, -3480822] 2.1
[3480935, -3480962] 0.1
[3480934, -3480931] 0.06000000000000001
[3480934, -3481180] 0.1
[3480934, -3480924] 1.0
[3480972, -3480822] 0.6600000000000001
[3480934, -3480934] 0.084625
[3480934, -3480935] 1.0
[3480935, -3480963] 0.1
[3480934, -3480932] 0.5100000000000001
[3480934, -3480933] 0.4
[3480934, -3480945] 0.75
[3480934, -3481198] 0.5
[3480934, -3481199] 3.0
[3480972, -3480852] 1.0
[3480974] 7.0
[3480971, -3480822] 2.15
[3480831, -3480831] 0.1
[3480972, -3481105] 3.0
[3480972] 2.0
[3480934, -3480949] 1.0
[3480971] 2.0
[3480934, -3480962] 0.30000000000000004
[3480972, -3481112] 1.0
[3480934, -3481227] 4.0
[3480972, -3480869] 1.0
[3480935, -3480997] 0.35000000000000003
[3480934, 3480819] 0.05
[3480971, -3480831] 3.0
[3480831, -3481100] 1.0
[3480831, -3480844] 3.0
[3480934] 2.0
[3480934, 3480824] 2.0
[3480934, 3480823] 2.0
[3480935, -3481007] 0.25
[3480972, -3480874] 1.0
[3480935] 1.0
[3480934, 3480821] 1.0
[3480971, -3480844] 0.15000000000000002
[3480934, -3481242] 1.0
[3480974, -3480944] 1.0
[3480934, -3480867] 1.2000000000000002
[3480934, -3480864] 1.25
[3480934, -3480862] 0.7000000000000001
[3480934, -3480860] 3.8725000000000005
[3480971, -3480997] 0.35000000000000003
[3480972, -3481025] 1.0
[3480934, -3480883] 0.30000000000000004
[3480934, -3481139] 0.037500000000000006
[3480934, -3480881] 0.08000000000000002
[3480934, -3480879] 1.3
[3480934, 3480923] 4.0
[3480974, -3480851] 4.0
[3480934, -3480887] 3.0
[3480934, -3480884] 1.0
[3480971, -3481007] 0.25
[3480934, 3480929] 1.0
[3480934, -3480894] 1.2625000000000002
[3480935, -3480935] 0.1
[3480934, 3481134] 1.0
[3480934, -3480903] 2.2
[3480934, 3480881] 1.0
[3480974, 3480925] 1.0
[3480934, -3480910] 1.0
[3480972, -3480808] 2.0
[3480934, -3480922] 1.4500000000000002
[3480934, -3480918] 0.5
[3480934, -3481430] 2.0
[3480934, -3480919] 0.55
[3480934, -3480916] 3.7
[3480974, -3481132] 3.0
[3480934, -3480917] 0.15000000000000002
