[]
[1750587, 2175955, 2471824, 1670382, 2363629, 3448269, 2078226, 795874, 2331677]
[67188]
[] 1.0
[3480865, 3480928] 1.0
[3480865, -3481025] 1.0
[3480865, -3480962] 0.2
[3480809, 3480819] 1.0
[3480808, -3480808] 2168.0
[3480865, -3480976] 0.05
[3480865, 3480813] 1.0
[3480809, 3480821] 1.0
[3480809, -3480962] 1.0
[3480865, 3480881] 0.1
[3480809, 3480824] 0.1
[3480809, -3480846] 1.0
[3480809, 3480831] 1.0
[3480865, 3480821] 1.0
[3480809, -3481033] 1.0
[3480809, -3480920] 1.0
[3480809, -3480853] 0.1
[3480865, 3481144] 0.05
[3480820, 3480881] 1.0
[3480820, -3480807] 0.05
[3480820, -3480820] 2.5500000000000003
[3480865, -3480807] 21.0
[3480809, -3480859] 0.15000000000000002
[3480820] 1.0
[3480865, -3480865] 121.0
[3480809, -3480857] 0.1
[3480809, -3480934] 1.0
[3480809, -3480813] 1.0
[3480808] 1.0
[3480865, -3480822] 1.0
[3480809, -3480811] 0.1
[3480865] 1.0
[3480809, -3480809] 0.65
[3480809] 1.0
