[]
[1440438, 4199491, 1120661, 441904, 422492, 276062, 344840, 1510218, 4210575]
[4244459]
[4295844, 4295828] 1.0
[] 1.0
[4295837, -4295829] 10.9
[4295844] 1.0
[4295844, 4295834] 10.0
[4295840, 4295829] 4.0
[4295837, -4295837] 31.1
[4295837, -4295840] 5.45
[4295844, 4295837] 1.0
[4295851] 1.0
[4295853] 15.0
[-4295844, -4295844] 2.0
[4295837, -4295826] 1.0
[4295828, -4295839] 3.0
[4295828, -4295838] 5.65
[4295840, -4295829] 11.200000000000001
[4295828, -4295841] 130.95000000000002
[4295828, -4295840] 29.8
[4295828, -4295843] 0.15000000000000002
[-4295844, 4295828] 1.0
[4295840, -4295837] 11.100000000000001
[4295828, -4295850] 6.9
[-4295844, 4295834] 10.0
[4295840, -4295840] 37.65
[4295853, -4295832] 1.0
[4295828, -4295827] 13.0
[4295837, -4295850] 0.2
[4295853, -4295834] 69.0
[4295828, -4295826] 4.0
[4295828, -4295829] 8652.75
[4295828, -4295828] 19627.8
[4295828, -4295833] 1.0
[4295837, -4295856] 1.0
[4295853, -4295839] 13.0
[4295853, -4295842] 11.0
[4295828, -4295837] 212.8
[4295837, -4295860] 19.0
[-4295844, 4295851] 1.0
[4295840, -4295860] 1.7000000000000002
[-4295844] 1.0
[-4295844, 4295855] 1.0
[4295837, 4295859] 1.0
[-4295844, 4295837] 1.0
[4295828, -4295860] 150.5
[4295844, -4295844] 2.0
[-4295844, 4295844] 1.0
[4295840, -4295850] 17.0
[4295828, 4295843] 0.15000000000000002
[4295828, 4295848] 1.0
[4295851, -4295851] 82605.65000000001
[4295837, 4295827] 4.0
[4295828, 4295849] 2.0
[4295837, 4295829] 3.0
[4295828, 4295856] 1.0
[4295844, 4295844] 1.0
[4295828, 4295827] 1.05
[4295828] 1.0
[4295828, 4295831] 7.0
[4295828, 4295836] 123.4
[4295853, 4295829] 1.0
[4295828, 4295835] 2.0
[4295844, 4295851] 1.0
[4295828, 4295838] 0.30000000000000004
[4295844, 4295855] 1.0
[4295837] 1.0
[4295840] 1.0
