[]
[673032, 2531173, 4208680, 2801683, 482301, 1368542, 360495, 1510218, 4220607]
[1201013]
[] 1.0
[4295837, -4295829] 8.0
[4295840, 4295827] 9.0
[4295840, 4295829] 5.0
[4295837, -4295837] 12.0
[4295837, -4295840] 2.0
[4295851] 1.0
[4295858] 1.0
[4295834, -4295853] 1.0
[4295828, -4295839] 3.0
[4295840, -4295826] 3.0
[4295828, -4295838] 5.65
[4295840, -4295829] 163.35000000000002
[4295828, -4295841] 130.95000000000002
[4295828, -4295840] 29.8
[4295828, -4295843] 0.15000000000000002
[4295839, 4295829] 1.0
[4295840, -4295837] 220.0
[4295840, -4295839] 2.0
[4295828, -4295850] 6.9
[4295840, -4295840] 220.20000000000002
[4295858, -4295858] 126.80000000000001
[4295828, -4295827] 13.0
[4295828, -4295826] 4.0
[4295828, -4295829] 8652.75
[4295828, -4295828] 19627.8
[4295828, -4295833] 1.0
[4295828, -4295837] 212.8
[4295840, -4295860] 81.35000000000001
[4295837, 4295859] 1.0
[4295839, -4295834] 1.05
[4295834, 4295829] 1.0
[4295839, -4295839] 0.35000000000000003
[4295839, -4295842] 0.35000000000000003
[4295858, 4295829] 1.0
[4295828, -4295860] 150.5
[4295840, -4295850] 6.1000000000000005
[4295840, -4295856] 1.0
[4295828, 4295843] 0.15000000000000002
[4295834, -4295832] 4.0
[4295834, -4295834] 3.6500000000000004
[4295828, 4295848] 1.0
[4295851, -4295851] 82605.65000000001
[4295834, -4295839] 0.9
[4295828, 4295849] 2.0
[4295837, 4295829] 3.0
[4295834, -4295842] 0.9500000000000001
[4295828, 4295856] 1.0
[4295828, 4295827] 21.0
[4295828] 1.0
[4295828, 4295831] 7.0
[4295828, 4295836] 123.4
[4295834] 20.0
[4295828, 4295835] 2.0
[4295828, 4295838] 0.30000000000000004
[4295839, -4295853] 0.45
[4295837] 1.0
[4295840] 1.0
[4295839] 6.0
