[]
[302533, 23761, 2112119, 81766, 1840374, 2821296, 7356, 1851376, 1070190]
[2741923]
[] 1.0
[3480865, 3480928] 1.0
[3480809, -3481022] 2.0
[3480865, -3480962] 1.0
[3480809, -3481018] 0.1
[3480809, 3480819] 1.0
[3480808, -3480808] 178.85000000000002
[3480865, -3480976] 1.0
[3480809, 3480881] 1.0
[3480809, 3480823] 1.0
[3480865, 3480813] 1.0
[3480809, 3480821] 1.0
[3480809, 3480824] 0.1
[3480809, -3480846] 0.30000000000000004
[3480809, 3480831] 1.0
[3480865, 3480821] 1.0
[3480809, -3481033] 2.0
[3480809, -3480919] 2.0
[3480809, -3480920] 2.0
[3480865, 3481144] 1.0
[3480809, 3480965] 1.0
[3480820, -3480820] 1.2000000000000002
[3480865, -3480807] 21.0
[3480809, -3480859] 0.8500000000000001
[3480809, -3480860] 0.25
[3480820] 1.0
[3480865, -3480865] 78.0
[-3480867, 3480808] 0.1
[-3480867, 3480809] 1.0
[3480809, -3480934] 1.0
[-3480867, 3480807] 1.0
[3480809, -3480879] 1.0
[-3480867, 3480880] 1.0
[3480809, -3480813] 2.8000000000000003
[3480808] 0.1
[3480809, -3480811] 0.4
[3480865] 1.0
[-3480867] 1.0
[3480809, -3480809] 3.3000000000000003
[3480809, -3480885] 0.05
[3480809, 3480929] 1.0
[3480809] 1.0
[3480809, -3480884] 0.05
[-3480867, 3480820] 1.0
