[]
[4037437, 4037293, 4269619, 3253827, 3503696, 3576128, 4056499, 1124895, 531815]
[3025648]
[] 1.0
[-4295829, 4295836] 0.35250000000000004
[-4295829, 4295839] 30.1
[4295849, -4295830] 1.0
[-4295829, 4295847] 2.0
[-4295829, 4295848] 1.0
[4295827, 4295827] 2.85
[4295827, 4295829] 0.75
[-4295829, 4295827] 1.0050000000000001
[-4295829, 4295829] 0.025393750000000007
[4295827, 4295839] 5.0
[-4295829, 4295831] 6.0
[-4295829, 4295833] 19.35
[-4295828, 4295836] 5.5
[4295849, -4295849] 0.17250000000000001
[-4295838, -4295856] 1.0
[-4295828, 4295837] 0.05067500000000002
[-4295828, 4295840] 0.028387500000000006
[-4295828, 4295839] 2.3428750000000007
[-4295838, -4295860] 1.0910000000000002
[-4295828, 4295842] 0.4130000000000001
[-4295828, 4295841] 0.5325000000000001
[-4295838, -4295862] 1.0
[-4295828, 4295844] 0.0011215625000000004
[-4295828, 4295846] 0.20500000000000004
[-4295828, 4295845] 0.5198750000000001
[-4295828, 4295847] 0.9551250000000002
[-4295838, -4295841] 1.5977500000000002
[-4295829, 4295850] 0.025
[-4295838, -4295840] 0.8465000000000003
[-4295827] 10.0
[-4295838, -4295843] 0.30250000000000005
[4295849, -4295835] 0.325
[-4295826] 5.0
[-4295829] 0.15731875000000006
[-4295828] 0.046508750000000015
[-4295828, 4295826] 1.7175000000000002
[-4295829, 4295856] 0.9
[-4295838, -4295846] 2.0
[-4295828, 4295828] 0.03262500000000001
[-4295829, 4295859] 6.472500000000001
[-4295828, 4295827] 10.850000000000001
[-4295829, 4295858] 1.0
[-4295828, 4295830] 3.4000000000000004
[-4295838, -4295850] 0.035368750000000004
[-4295828, 4295832] 2.0975
[-4295837] 10.192500000000003
[-4295828, 4295834] 0.10651875000000002
[-4295838] 0.215
[4295835, -4295835] 0.32000000000000006
[-4295841, -4295844] 0.125
[4295829, 4295829] 1.0
[-4295841, -4295845] 10.0
[-4295841, -4295847] 1.0
[4295835, -4295830] 1.0
[-4295841, -4295857] 8.0
[-4295840, -4295861] 7.0
[-4295841, -4295839] 1.0
[4295827, 4295859] 7.0
[-4295840, -4295845] 11.0
[4295835, -4295849] 0.14250000000000002
[-4295840, -4295844] 10.0
[-4295840, -4295857] 3.0
[4295829, -4295837] 2.0
[4295829, -4295840] 2.0
[-4295841, 4295827] 3.0
[-4295841, 4295826] 9.0
[4295848] 0.05
[-4295841, 4295828] 1.4000000000000001
[4295849] 7.0
[-4295860, -4295857] 0.8500000000000001
[-4295828, -4295827] 4.0
[4295829, -4295850] 0.22250000000000003
[-4295828, -4295826] 1.0
[-4295841, 4295837] 9.700000000000001
[4295856] 0.1
[-4295860, -4295861] 10.850000000000001
[-4295826, 4295855] 0.30000000000000004
[-4295826, 4295858] 2.0
[-4295826, 4295859] 3.0
[4295829, -4295827] 1.0
[-4295860, -4295839] 2.0
[-4295826, 4295861] 1.0
[4295829, -4295829] 0.012556250000000003
[-4295827, -4295839] 3.0
[4295829, -4295833] 1.0
[-4295860, -4295845] 6.0
[-4295860, -4295844] 0.5
[-4295841, 4295855] 2.75
[-4295841, 4295854] 1.0
[-4295826, -4295844] 2.0
[-4295841, 4295857] 3.0
[-4295840, 4295826] 1.0
[-4295841, 4295859] 32.0
[-4295840, 4295828] 0.09500000000000001
[-4295841, 4295858] 1.25
[-4295841, 4295861] 1.0
[-4295840, 4295830] 2.0
[-4295841, 4295860] 0.010000000000000002
[-4295840, 4295832] 11.0
[-4295840, 4295834] 5.300000000000001
[-4295840, 4295837] 9.15
[-4295841, 4295839] 5.0
[-4295841, 4295841] 0.15000000000000002
[-4295841, 4295840] 4.5
[-4295841, 4295845] 12.0
[-4295841, 4295844] 0.12250000000000001
[-4295841, 4295847] 39.0
[-4295841, 4295851] 2.0
[-4295841] 0.037750000000000006
[-4295829, -4295847] 16.4325
[-4295840] 13.450000000000001
[-4295827, 4295839] 1.0
[-4295829, -4295850] 0.8650000000000001
[-4295860, 4295837] 0.6600000000000001
[-4295860, 4295840] 4.9
[-4295829, -4295852] 6.305000000000001
[-4295860, 4295839] 35.0
[-4295829, -4295854] 2.0850000000000004
[-4295829, -4295853] 2.4200000000000004
[-4295860, 4295844] 0.55
[-4295829, -4295856] 11.5
[-4295829, -4295855] 0.38612500000000005
[-4295829, -4295858] 1.0
[-4295850] 0.6625000000000001
[-4295860, 4295845] 4.0
[-4295829, -4295860] 0.043000000000000003
[-4295860, 4295847] 0.9
[-4295828, 4295852] 9.880000000000003
[-4295829, -4295832] 10.0
[-4295828, 4295851] 2.0
[-4295828, -4295862] 7.0
[-4295828, 4295854] 0.069375
[-4295829, -4295834] 8.7475
[-4295828, 4295853] 0.03342500000000001
[-4295829, -4295833] 15.65
[-4295829, -4295836] 0.30750000000000005
[-4295828, 4295855] 0.12437500000000001
[-4295860] 1.05
[-4295828, 4295858] 3.3275
[-4295860, 4295826] 5.0
[-4295827, 4295827] 0.09750000000000002
[-4295828, 4295857] 0.35650000000000004
[-4295829, -4295837] 0.0035187500000000006
[-4295828, 4295860] 0.00541875
[-4295860, 4295828] 0.16000000000000003
[-4295827, 4295829] 14.0
[-4295829, -4295840] 0.035425000000000005
[-4295828, 4295859] 6.065000000000001
[-4295860, 4295827] 4.0
[-4295829, -4295839] 0.18250000000000002
[-4295828, 4295862] 8.450000000000001
[-4295829, -4295842] 27.3
[-4295828, 4295861] 1.67
[-4295829, -4295841] 3.35
[4295831, -4295831] 0.04450000000000001
[-4295860, 4295834] 3.5
[-4295829, -4295846] 1.0
[4295848, -4295848] 0.05
[-4295828, -4295847] 22.0
[-4295826, 4295837] 4.0
[-4295828, -4295846] 37.0
[-4295826, 4295844] 2.0
[-4295828, -4295857] 0.008912500000000002
[-4295829, -4295826] 2.1
[-4295826, 4295847] 3.0
[-4295829, -4295828] 2.6
[-4295829, -4295827] 0.6300000000000001
[-4295828, -4295861] 0.19025000000000003
[-4295826, 4295851] 2.0
[-4295829, -4295829] 0.15034375000000003
[-4295860, 4295851] 2.0
[-4295860, 4295854] 0.015750000000000004
[4295827] 14.0
[-4295860, 4295853] 2.0
[-4295826, 4295826] 2.0
[-4295860, 4295855] 0.27
[4295829] 1.0
[-4295826, 4295828] 0.35000000000000003
[-4295860, 4295858] 0.225
[-4295827, 4295859] 7.0
[-4295828, -4295836] 5.0
[-4295860, 4295857] 29.0
[4295831] 0.05
[-4295828, -4295839] 3.5
[-4295860, 4295860] 0.3425
[-4295860, 4295859] 36.0
[4295836] 2.5
[-4295860, 4295861] 0.2675
[4295835] 6.0
[4295838] 0.030000000000000006
[-4295828, -4295845] 0.36250000000000004
[-4295828, -4295844] 0.0011178125000000003
[-4295838, 4295858] 7.0
[-4295837, 4295827] 1.0
[-4295837, 4295826] 1.0
[-4295838, 4295859] 1.0
[-4295837, 4295828] 0.23000000000000004
[-4295837, 4295830] 9.0
[-4295837, 4295832] 23.0
[-4295837, 4295834] 5.800000000000001
[4295836, 4295829] 24.0
[-4295837, 4295839] 9.950000000000001
[-4295837, 4295841] 5.0
[-4295837, 4295840] 0.6175000000000002
[-4295838, 4295843] 0.30250000000000005
[-4295838, 4295848] 3.35
[-4295838, 4295849] 6.0
[-4295838, 4295856] 4.0
[-4295837, 4295859] 54.0
[-4295837, 4295858] 0.13250000000000003
[-4295837, 4295861] 0.6000000000000001
[-4295837, 4295860] 0.09000000000000001
[-4295837, 4295842] 5.45
[-4295837, 4295845] 12.0
[-4295837, 4295844] 16.0
[-4295837, 4295847] 5.630000000000001
[-4295837, 4295851] 2.0
[-4295837, 4295853] 3.1500000000000004
[-4295837, 4295852] 22.85
[-4295837, 4295855] 0.18500000000000003
[-4295837, 4295854] 2.45
[-4295837, 4295857] 4.0
[-4295850, -4295836] 0.5325000000000001
[4295827, -4295839] 4.0
[-4295840, 4295855] 1.3
[-4295840, 4295858] 2.2
[-4295840, 4295860] 8.0
[-4295840, 4295859] 2.0
[-4295850, -4295842] 1.0
[-4295840, 4295861] 0.5
[4295838, 4295827] 3.35
[4295838, 4295829] 3.0
[4295838, 4295831] 1.1500000000000001
[4295827, -4295854] 3.0
[4295838, 4295836] 0.43287500000000007
[4295838, 4295835] 16.0
[-4295840, 4295839] 13.0
[-4295840, 4295841] 6.0
[-4295840, 4295844] 10.0
[4295827, -4295827] 0.07
[4295827, -4295829] 2.0
[-4295840, 4295845] 6.0
[-4295840, 4295847] 4.7
[-4295840, 4295852] 2.0500000000000003
[-4295840, 4295851] 2.0
[-4295840, 4295854] 0.5
[-4295840, 4295853] 6.0
[-4295838, 4295827] 10.450000000000001
[-4295838, 4295829] 19.0
[-4295838, 4295831] 7.800000000000001
[-4295838, 4295836] 0.625375
[-4295838, 4295835] 2.5
[-4295838, 4295838] 0.30000000000000004
[4295836, 4295850] 4.4
[4295838, -4295860] 0.6315000000000002
[-4295850, 4295850] 0.05550000000000001
[-4295850, 4295829] 0.5025000000000001
[4295856, 4295827] 5.0
[4295856, 4295829] 1.0
[4295838, -4295850] 0.26200000000000007
[4295838, 4295856] 0.7000000000000001
[4295838, 4295858] 1.0
[4295836, -4295836] 0.4800000000000001
[4295838, 4295838] 0.07500000000000001
[4295838, 4295843] 1.8
[4295838, 4295848] 0.4
[4295838, 4295849] 18.0
[-4295838, -4295827] 35.0
[-4295838, -4295826] 11.5
[-4295837, -4295857] 8.0
[-4295838, -4295829] 0.15399968750000004
[-4295838, -4295828] 0.41481250000000003
[-4295837, -4295861] 9.0
[-4295838, -4295833] 12.0
[4295856, -4295850] 42.0
[-4295838, -4295837] 7.103625000000001
[-4295838, -4295839] 14.0
[4295856, -4295856] 1.35
[-4295838, -4295838] 0.5125000000000001
[4295856, -4295827] 1.0
[-4295837, -4295839] 1.0
[4295856, -4295829] 0.4251250000000001
[-4295837, -4295844] 16.0
[-4295837, -4295845] 8.0
[4295856, -4295837] 0.322125
[4295856, -4295839] 1.0
[4295856, -4295840] 0.218125
[4295838, -4295829] 0.09209500000000004
[4295838, -4295828] 0.27403968750000013
[4295838, -4295833] 2.0
[4295838, -4295837] 2.6862500000000002
[4295838, -4295839] 9.0
[4295838, -4295838] 0.45
[4295838, -4295841] 0.5351250000000001
[4295838, -4295840] 0.3335000000000001
[4295838, -4295843] 1.75
[4295856, -4295860] 4.65
[4295856, 4295859] 3.0
[4295838, -4295827] 29.0
[4295838, -4295826] 1.9500000000000002
