[]
[2625787, 1028682, 540494, 1194533, 979049, 537, 1580594, 555235, 2820180]
[2504646]
[3480836, -3480836] 19.55
[3480881, -3481207] 5.0
[] 1.0
[3480836, -3480834] 1.0
[3480836, -3480835] 2.0
[3480844, 3481195] 2.0
[3480881, -3481209] 1.0
[3480836, -3480852] 1.0
[3480844, -3481100] 8.0
[3480836, -3480851] 9.0
[3480881, 3481088] 4.0
[3480836, -3480849] 13.0
[3480881, -3481227] 1.0
[3480844, -3481111] 12.0
[3480836, -3480870] 1.0
[3480836, -3480871] 1.0
[3480836, 3480925] 1.0
[-3480845, -3481036] 2.0
[3480841, 3480844] 5.0
[3480881, 3481147] 1.0
[3480849, -3481180] 1.0
[3480844, 3481288] 37.0
[3480844, 3481287] 28.0
[3480881, -3481180] 1.0
[3480841, 3480821] 1.0
[3480849, 3481088] 4.0
[3480881, -3481198] 1.0
[3480849, -3481111] 1.0
[3480844, -3480956] 1.0
[3480836, 3480809] 1.0
[3480881, -3481076] 76.0
[3480844, -3480962] 2.0
[3480841, -3480867] 1.0
[3480844, -3480961] 108.0
[3480881, -3481082] 10.0
[3480849, -3481133] 1.0
[3480881, -3481100] 5.0
[3480849, -3481132] 1.0
[3480841, -3480881] 1.0
[3480881, -3481111] 4.0
[3480849, 3480881] 3.0
[3480881, 3480918] 1.0
[3480881, -3481115] 1.0
[3480881, 3480930] 5.0
[3480881, 3480929] 3.0
[-3480876, -3480962] 1.0
[3480881, -3481135] 1.0
[3480881, -3481133] 1.0
[3480881, -3481132] 1.0
[3480836, 3480870] 8.0
[3480881, -3481014] 0.5
[3480881, -3481011] 1.0
[3480836, 3480871] 8.0
[3480881, -3481024] 7.0
[3480881, -3481021] 5.0
[3480881, -3481022] 5.0
[3480881, -3481019] 1.0
[3480836, 3480881] 1.0
[3480881, -3481018] 81.0
[3480844, -3480895] 12.0
[3480881, -3481031] 1.0
[3480881, -3481027] 1.0
[3480881, -3481025] 1.0
[3480881, -3481039] 1.0
[-3480845] 29.0
[3480881, -3481040] 2.0
[3480881, -3481038] 5.5
[3480881, -3481033] 1.0
[3480881, -3481046] 1.0
[3480836, 3480841] 3.0
[3480881, -3481041] 1.0
[3480881, -3481042] 2.0
[3480836, 3480846] 1.0
[3480841, -3480837] 1.0
[3480881, -3481063] 8.0
[3480841, -3480841] 18.6
[3480844, -3480935] 1.0
[3480881, -3481070] 17.900000000000002
[3480849, -3481100] 5.0
[-3480876, -3480848] 1.0
[3480881, -3480949] 7.0
[3480881, 3480823] 1.0
[3480849] 1.0
[3480881, -3480945] 8.0
[3480881, 3480821] 1.0
[3480844, -3480822] 14.0
[3480844, -3480834] 1.0
[3480881, -3480956] 1.0
[3480881, -3480953] 18.0
[3480844, -3480844] 2095.4500000000003
[3480881, -3480963] 3.0
[3480844, 3480961] 9.0
[3480844, -3480841] 3.0
[3480836] 1.0
[3480848, 3480836] 1.0
[3480848, -3480962] 1.0
[3480881, -3480962] 36.0
[3480848, 3480841] 2.0
[3480881, 3480841] 8.0
[3480848] 1.0
[3480881, -3480974] 2.0
[3480841] 1.0
[-3480876, -3480876] 2.0
[3480848, 3480844] 4.0
[3480844] 2.0
[3480881, 3480844] 2.0
[3480881, -3480979] 8.3
[3480844, -3480857] 12.0
[3480849, -3481021] 5.0
[3480844, -3480867] 2.0
[3480841, 3481012] 1.0
[3480876, -3480845] 5.0
[3480844, 3480925] 7.0
[3480849, -3481025] 1.0
[3480844, -3480870] 3.0
[3480844, -3480871] 3.0
[3480881, -3481007] 1.0
[-3480876] 2.0
[3480881, -3481006] 60.0
[3480876, -3480848] 1.0
[-3480876, -3480845] 20.0
[3480844, -3480881] 1.0
[3480844, -3480878] 154.0
[3480881, -3481002] 16.150000000000002
[3480881, 3481324] 1.0
[3480881, -3480887] 124.0
[3480881, 3480881] 5.0
[-3480845, -3480848] 5.0
[3480881, -3480883] 10.0
[3480881, -3480881] 10.3
[3480881, 3480884] 1.0
[-3480845, -3480851] 1.0
[3480881, -3480894] 29.150000000000002
[3480849, 3480860] 1.0
[3480881, -3480903] 14.0
[3480881, -3480902] 11.0
[3480849, 3480871] 3.0
[3480849, 3480870] 3.0
[-3480845, -3480867] 3.0
[3480844, -3481287] 3.0
[3480841, 3481126] 2.0
[-3480845, -3480876] 4.0
[3480841, 3481125] 2.0
[3480881, -3480919] 2.0
[-3480876, -3480881] 1.0
[3480881, 3480850] 1.0
[3480881, -3480920] 1.0
[3480848, 3480849] 1.0
[3480881, -3480917] 1.0
[3480849, -3480949] 7.0
[3480848, 3480848] 1.0
[3480881, -3481430] 1.0
[3480881] 2.0
[3480881, -3480916] 173.0
[3480849, 3480821] 1.0
[3480881, -3480914] 2.0
[3480881, -3480922] 1.0
[3480881, -3481434] 1.0
[3480881, 3480860] 1.0
[3480881, -3480933] 55.95
[3480881, -3480934] 52.0
[3480836, -3481072] 4.0
[3480881, -3480931] 24.85
[3480881, 3480871] 3.0
[3480881, -3480932] 98.0
[3480881, 3480870] 3.0
[3480849, -3480962] 2.0
[3480849, 3480841] 8.0
[3480881, -3480942] 1.0
[3480849, -3480974] 2.0
[3480876] 1.0
[3480849, 3480844] 2.0
[3480881, -3480824] 32.0
[-3480845, 3480857] 2.0
[3480876, 3480844] 1.0
[3480881, -3480822] 22.0
[3480881, -3480819] 2189.9500000000003
[3480849, -3480851] 8.0
[3480849, -3480852] 2.0
[3480876, 3480849] 2.0
[3480881, -3480817] 1.0
[3480849, -3480849] 12.8
[3480881, -3480831] 17.0
[3480881, -3480828] 115.0
[3480881, -3481338] 1.0
[3480881, -3480839] 2.0
[3480849, -3480871] 41.0
[3480881, -3480838] 1.0
[3480849, -3480870] 41.0
[3480881, -3480835] 7.0
[3480849, -3480867] 2.0
[-3480845, 3480867] 2.0
[3480848, -3480848] 1.0
[-3480845, 3480881] 1.0
[3480881, -3480846] 71.5
[3480849, -3480878] 1.0
[3480881, -3480843] 70.0
[-3480845, 3480876] 4.0
[3480881, -3480844] 9.0
[3480848, -3480845] 12.0
[3480881, -3480842] 70.0
[3480849, -3480874] 1.0
[3480881, -3480855] 8.0
[3480881, 3481171] 1.0
[3480881, -3480856] 2.0
[3480881, -3480853] 1.05
[3480881, -3480851] 8.0
[3480881, -3480852] 2.0
[3480881, -3480849] 12.8
[3480849, -3480881] 0.35000000000000003
[3480881, -3480850] 1.0
[3480881, -3480864] 11.0
[3480881, -3480862] 178.0
[3480881, -3480859] 10.65
[3480881, -3480860] 19.950000000000003
[3480881, -3480857] 10.0
[3480881, -3480871] 41.0
[-3480876, 3480841] 2.0
[3480881, -3480870] 41.0
[3480881, -3480867] 19.0
[3480881, -3480868] 1.0
[3480881, -3481378] 1.0
[-3480876, 3480836] 1.0
[3480881, -3480879] 13.600000000000001
[3480881, -3481391] 1.0
[-3480876, 3480849] 1.0
[3480836, -3481021] 1.0
[3480848, -3480881] 1.0
[3480876, 3480836] 1.0
[3480881, -3480878] 1.0
[-3480876, 3480848] 2.0
[3480848, -3480876] 1.0
[3480876, 3480841] 1.0
[3480881, -3480874] 1.0
[-3480876, 3480844] 7.0
[3480844, 3480881] 15.0
[3480841, 3480974] 1.0
[3480881, -3481265] 1.0
[3480881, -3481282] 7.0
[3480849, -3480839] 1.0
[-3480845, 3480841] 3.0
[3480849, -3480838] 1.0
[3480844, -3481195] 3.0
[3480849, -3480835] 7.0
[-3480845, 3480836] 3.0
[-3480845, 3480834] 3.0
[-3480845, 3480848] 3.0
[-3480845, 3480849] 1.0
[3480881, -3480813] 125.5
[3480881, -3480811] 63.75
[3480849, -3480843] 70.0
[-3480845, 3480844] 24.0
[3480881, -3480812] 242.4
[3480849, -3480844] 5.0
[3480881, -3480809] 360.75
[-3480845, 3480842] 2.0
[3480881, -3480810] 93.75
[3480849, -3480842] 70.0
[-3480845, 3480843] 2.0
