[]
[3867595, 4199491, 2291382, 441904, 11431, 46460, 1879506, 2178910, 4210575]
[2432586]
[4295844, 4295828] 0.05
[] 1.0
[4295837, -4295829] 29.0
[4295844] 0.05
[4295844, 4295834] 21.0
[4295840, 4295829] 0.2
[4295837, -4295837] 5.45
[4295837, -4295840] 9.0
[4295844, 4295837] 1.0
[4295851] 1.0
[4295844, 4295840] 1.0
[4295834, -4295853] 0.9500000000000001
[4295837, -4295826] 3.0
[4295828, -4295839] 3.0
[4295828, -4295838] 5.800000000000001
[4295840, -4295829] 11.200000000000001
[4295828, -4295841] 136.20000000000002
[4295828, -4295840] 38.0
[4295828, -4295843] 0.2
[-4295844, 4295828] 0.05
[4295840, -4295837] 11.100000000000001
[4295828, -4295850] 10.450000000000001
[-4295844, 4295834] 21.0
[4295840, -4295840] 37.65
[4295828, -4295827] 13.0
[4295828, -4295826] 8.0
[4295828, -4295829] 9274.9
[4295828, -4295828] 22344.050000000003
[4295828, -4295833] 1.0
[4295828, -4295837] 274.95
[4295837, -4295860] 1.0
[-4295844, 4295851] 1.0
[4295840, -4295860] 1.7000000000000002
[-4295844] 0.05
[4295837, 4295859] 1.0
[4295834, 4295829] 0.05
[-4295844, 4295837] 1.0
[-4295844, 4295840] 1.0
[4295828, -4295860] 169.95000000000002
[4295840, -4295850] 17.0
[4295828, 4295843] 0.2
[4295834, -4295832] 5.0
[4295834, -4295834] 2.6500000000000004
[4295828, 4295848] 2.0
[4295851, -4295851] 16036.35
[4295834, -4295839] 1.0
[4295837, 4295827] 2.0
[4295828, 4295849] 8.0
[4295837, 4295829] 2.0
[4295834, -4295842] 2.0
[4295828, 4295856] 2.0
[4295828, 4295827] 21.0
[4295828] 0.1
[4295828, 4295829] 1.0
[4295828, 4295831] 9.0
[4295828, 4295836] 129.9
[4295834] 25.0
[4295828, 4295835] 5.0
[4295844, 4295851] 1.0
[4295828, 4295838] 0.5
[4295837] 1.0
[4295840] 1.0
