[]
[734763, 323718, 1843343, 3216581, 1770589, 1481466, 2679173, 516457, 52046]
[225090]
[4295829, -4295838] 2.0
[] 1.0
[4295829, -4295837] 66.10000000000001
[-4295827, 4295839] 1.0
[4295829, -4295840] 28.650000000000002
[4295829, -4295839] 1.0
[4295829, 4295849] 0.15000000000000002
[4295829, -4295841] 6.45
[4295829, 4295848] 1.0
[4295829, -4295843] 0.15000000000000002
[4295829, -4295850] 3.35
[4295829, 4295856] 1.0
[4295829, 4295859] 0.2
[4295829, 4295829] 0.25
[4295829, 4295831] 3.0
[4295829, -4295826] 0.15000000000000002
[-4295827, 4295827] 2.0
[4295829, -4295828] 507.3
[4295829, 4295835] 0.2
[-4295827, 4295829] 0.25
[4295829, -4295829] 137.20000000000002
[4295829, 4295836] 2.35
[-4295827, -4295839] 2.0
[4295829, 4295838] 0.4
[4295829, 4295843] 0.15000000000000002
[4295829, 4295827] 0.65
[-4295827, -4295827] 1.0
[-4295827] 11.0
[4295829, -4295856] 0.4
[4295829] 0.15000000000000002
[-4295827, 4295859] 0.30000000000000004
[4295829, -4295860] 3.1500000000000004
