[]
[1120661, 3657635, 3621553, 624417, 677027, 422492, 7771, 3497944, 306203]
[416672]
[4295844, 4295828] 0.15000000000000002
[] 1.0
[4295837, -4295829] 109.15
[4295844] 2.0
[4295837, -4295833] 3.0
[4295844, 4295834] 1.9500000000000002
[4295840, 4295829] 3.0
[4295837, -4295837] 245.4
[4295837, -4295840] 63.400000000000006
[4295844, 4295837] 2.0
[4295851] 1.0
[4295837, -4295839] 1.0
[4295844, 4295840] 2.0
[4295844, 4295839] 0.1
[4295853] 4.1000000000000005
[4295834, -4295853] 1.0
[4295837, -4295826] 2.0
[4295828, -4295839] 3.0
[4295840, -4295826] 1.0
[4295828, -4295838] 5.65
[4295840, -4295829] 7.45
[4295828, -4295841] 130.95000000000002
[4295828, -4295840] 29.8
[4295828, -4295843] 3.0
[4295839, 4295829] 1.0
[-4295844, 4295828] 0.15000000000000002
[4295853, -4295853] 5.0
[4295840, -4295837] 2.8000000000000003
[4295828, -4295850] 6.9
[-4295844, 4295834] 1.9500000000000002
[4295840, -4295840] 355.0
[4295853, -4295832] 14.0
[4295828, -4295827] 13.0
[4295837, -4295850] 1.1500000000000001
[4295853, -4295834] 151.0
[4295828, -4295826] 4.0
[4295828, -4295829] 8652.75
[4295828, -4295828] 19627.8
[4295828, -4295833] 1.0
[4295853, -4295839] 4.0
[4295853, -4295842] 1.2000000000000002
[4295828, -4295837] 212.8
[4295837, -4295860] 13.55
[-4295844, 4295851] 1.0
[4295840, -4295860] 101.0
[-4295844] 2.0
[4295837, 4295859] 1.0
[4295839, -4295834] 1.0
[4295837, 4295858] 3.0
[4295834, 4295829] 1.0
[4295839, -4295839] 1.0
[-4295844, 4295837] 2.0
[-4295844, 4295840] 2.0
[-4295844, 4295839] 0.1
[4295828, -4295860] 150.5
[4295840, -4295850] 2.0
[4295828, 4295843] 3.0
[4295834, -4295834] 1.0
[4295828, 4295848] 1.0
[4295840, 4295859] 1.0
[4295851, -4295851] 82605.65000000001
[4295837, 4295827] 14.0
[4295828, 4295849] 2.0
[4295837, 4295829] 5.0
[4295828, 4295856] 1.0
[4295828, 4295827] 21.0
[4295828] 1.0
[4295828, 4295831] 7.0
[4295828, 4295836] 123.4
[4295834] 1.0
[4295853, 4295829] 1.0
[4295828, 4295835] 2.0
[4295844, 4295851] 1.0
[4295828, 4295838] 0.30000000000000004
[4295837] 1.0
[4295840] 1.0
[4295839] 0.05
