[]
[1526196, 718031, 1347538, 362258, 566657, 1422172, 622208, 1325759, 1322728]
[1191146]
[3480933, -3481283] 1.0
[-3480937, 3481020] 2.0
[] 1.0
[-3480937, 3481021] 1.0
[3480935, -3480831] 0.9
[3480972, 3480812] 1.0
[3480831, -3480935] 1.0
[3480933, -3481024] 2.1
[3480933, -3481022] 2.0
[-3480832, 3480832] 5.0
[3480972, 3480822] 1.0
[3480934, -3480811] 1.0
[3480971, 3480852] 1.0
[3480933, 3481261] 6.0
[3480971, 3480851] 4.0
[3480934, -3480809] 6.0
[-3480832, 3480844] 2.0
[3480974, -3481020] 2.0
[3480933, -3481042] 1.0
[3480933, -3481040] 1.0
[3480971, 3480863] 3.0
[3480933, -3481038] 1.35
[3480935, -3480844] 17.650000000000002
[3480934, -3480813] 0.4
[3480971, 3480867] 1.0
[3480933, -3481045] 2.0
[3480933, -3481046] 1.3
[3480821] 1.0
[3480935, -3480866] 1.0
[3480935, -3480864] 1.0
[3480933, -3480811] 0.020250000000000004
[3480933, -3480812] 0.14712500000000003
[3480933, -3480809] 1.0423750000000003
[3480933, -3480810] 0.7025000000000001
[3480831] 1.0
[3480933, -3481063] 1.85
[3480933, -3481064] 1.0
[3480971, -3480962] 1.0
[3480935, -3480867] 2.0
[3480933, -3480819] 0.75175
[3480935, -3480881] 6.0
[3480933, -3481076] 6.1000000000000005
[3480933, -3480818] 1.0
[3480934, -3480846] 4.0
[3480971, -3480970] 1.0
[3480971, 3480832] 2.0
[3480933, -3480813] 0.32262500000000005
[3480971, 3480831] 1.0
[3480933, -3481070] 1.4500000000000002
[3480933, -3480828] 8.0
[3480934, -3480859] 2.0
[3480971, 3480836] 2.0
[3480933, -3481082] 10.0
[3480971, 3480834] 6.0
[3480972, 3480810] 1.0
[3480933, -3480824] 1.0
[-3480832, 3480890] 13.0
[3480933, -3480822] 5.0
[-3480832, 3480888] 1.0
[3480971, 3480838] 4.0
[3480933, -3480963] 2.0
[3480933, -3481220] 1.0
[3480933, -3480962] 0.8500000000000001
[3480974, 3480822] 6.0
[3480974, 3480821] 2.0
[3480933, -3480979] 5.300000000000001
[3480933, 3480823] 1.0
[3480974, 3480844] 1.0
[3480974, -3480974] 2.0
[3480933, -3480984] 3.0
[3480974, -3480972] 1.0
[3480971, 3480881] 3.0
[3480935, -3481065] 1.0
[3480933, -3481002] 2.7
[3480933, -3481266] 6.0
[3480933, -3481018] 4.45
[3480974, 3480812] 2.0
[-3480937] 6.0
[3480935, -3480822] 9.0
[3480974, 3480810] 2.0
[3480974, 3480809] 4.0
[-3480938] 4.0
[3480935, -3480962] 1.0
[-3480937, 3480890] 12.0
[3480933, -3480895] 1.35
[-3480937, 3480888] 1.0
[3480935, -3480955] 1.0
[3480933, -3480894] 0.325
[3480972, -3480836] 0.05
[3480972, -3480834] 3.0
[3480933, -3480903] 5.1000000000000005
[3480934, -3480934] 1.0
[3480933, 3480881] 2.0
[3480935, -3480963] 26.0
[3480974, -3481148] 2.0
[3480933, -3480902] 1.55
[3480933, -3480916] 1.1
[-3480938, 3480938] 1.0
[3480933, 3481147] 1.0
[3480935, -3480971] 1.1
[3480972, -3480838] 2.0
[3480974] 7.0
[3480933, -3481180] 1.0
[3480974, -3480915] 1.0
[3480831, -3480831] 1.0
[3480933, 3481404] 2.0
[3480933, -3481434] 1.0
[3480933, -3480922] 1.0
[3480933, -3480919] 1.0
[3480971, 3481000] 1.0
[3480972] 1.0
[3480971] 0.4
[3480933, -3480931] 0.35750000000000004
[3480933, -3480932] 0.36000000000000004
[3480974, 3481111] 2.0
[3480933, 3480850] 0.15000000000000002
[3480934, 3480819] 1.0
[3480933, -3480933] 0.05625
[3480933, -3480934] 11.0
[3480934] 1.0
[3480934, 3480824] 2.0
[3480974, -3480938] 6.0
[3480933] 1.0
[3480934, 3480823] 1.0
[3480935, -3481007] 3.0
[3480935] 1.0
[3480934, 3480821] 1.0
[-3480938, 3480970] 9.0
[3480933, -3481199] 1.0
[-3480832, 3481021] 1.0
[3480934, 3480831] 1.0
[3480933, -3480953] 3.0
[3480933, -3481209] 1.0
[3480974, -3480944] 1.0
[-3480832, 3481020] 2.0
[3480971, -3480849] 1.0
[3480933, -3480949] 1.0
[3480935, -3480895] 1.0
[3480933, -3480831] 1.0
[3480934, -3480860] 2.0
[3480974, -3480834] 0.8
[3480933, -3480844] 1.0
[3480933, -3481100] 1.0
[3480974, -3480835] 3.0
[-3480937, 3480832] 3.0
[-3480937, 3480844] 4.0
[3480933, -3480850] 9.0
[3480974, -3480838] 1.25
[-3480832] 4.0
[3480974, 3480963] 2.0
[3480974, 3480962] 2.0
[3480974, -3480836] 0.30000000000000004
[3480933, -3480846] 0.10875000000000001
[3480933, -3480859] 3.1
[3480933, -3481115] 1.0
[3480933, -3480860] 2.6925000000000003
[3480933, -3480857] 6.550000000000001
[3480933, -3480855] 6.0
[3480933, -3481111] 2.0
[3480935, -3480917] 1.0
[3480933, -3480856] 2.0
[3480933, -3480853] 1.5
[3480935, -3480915] 1.0
[3480933, -3480867] 4.0
[3480933, -3480866] 2.0
[3480933, -3481378] 1.0
[3480933, -3481119] 1.0
[3480974, -3480852] 2.0
[3480933, -3480862] 19.400000000000002
[3480935, -3480935] 0.30000000000000004
[3480933, -3481386] 1.0
[3480933, 3481171] 1.0
[3480933, -3481139] 11.0
[3480933, -3480883] 1.0
[3480933, 3480918] 1.0
[3480933, -3480881] 0.38250000000000006
[3480933, -3480879] 14.0
[3480933, -3481391] 1.0
[3480974, -3480869] 1.0
[3480933, -3480887] 8.700000000000001
[3480933, -3480888] 1.0
[3480933, 3480930] 3.0
[3480933, 3480929] 1.0
