[]
[2374144, 1367137, 7893, 1560127, 3270586, 2306040, 3298062, 2921024, 27263]
[183990]
[4295844, 4295828] 0.05
[] 1.0
[4295837, -4295829] 53.35
[4295844] 1.0
[4295840, 4295827] 14.0
[4295844, 4295834] 10.0
[4295840, 4295829] 1.0
[4295837, -4295838] 2.0
[4295840, 4295831] 1.0
[4295837, -4295837] 11.75
[4295837, -4295840] 27.0
[4295844, 4295837] 1.0
[4295851] 1.0
[4295840, 4295836] 2.5
[4295844, 4295840] 1.0
[4295840, 4295835] 6.0
[4295853] 2.0
[4295840, 4295838] 0.6000000000000001
[4295858] 1.0
[4295834, -4295853] 1.35
[4295837, -4295828] 3.2
[4295840, -4295827] 10.0
[4295840, -4295826] 5.0
[4295828, -4295838] 4.3
[4295840, -4295829] 1258.5500000000002
[4295828, -4295841] 15.100000000000001
[4295840, -4295828] 7441.35
[4295828, -4295840] 13.4
[-4295844, 4295828] 0.05
[4295853, -4295853] 1.0
[4295840, -4295837] 203.85000000000002
[4295840, -4295838] 4.3
[4295828, -4295850] 13.25
[4295840, -4295841] 15.100000000000001
[-4295844, 4295834] 10.0
[4295840, -4295840] 13.4
[4295853, -4295832] 1.0
[4295858, -4295858] 3.5500000000000003
[4295828, -4295827] 10.0
[4295837, -4295850] 1.2000000000000002
[4295853, -4295834] 4.0
[4295828, -4295826] 5.0
[4295828, -4295829] 1258.5500000000002
[4295828, -4295828] 7441.35
[4295853, -4295839] 6.0
[4295853, -4295842] 2.0
[4295828, -4295837] 203.85000000000002
[4295837, -4295860] 0.6000000000000001
[-4295844, 4295851] 1.0
[4295840, -4295860] 21.0
[-4295844] 1.0
[4295837, 4295856] 1.0
[4295834, 4295829] 0.4
[4295837, 4295836] 21.8
[-4295844, 4295837] 1.0
[-4295844, 4295840] 1.0
[4295828, -4295860] 21.0
[4295840, -4295850] 13.25
[4295837, 4295848] 1.0
[4295840, 4295856] 2.0
[4295834, -4295832] 15.0
[4295834, -4295834] 4.6000000000000005
[4295828, 4295848] 1.0
[4295851, -4295851] 82605.65000000001
[4295834, -4295839] 42.0
[4295828, 4295849] 7.0
[4295837, 4295829] 1.0
[4295837, 4295831] 2.0
[4295834, -4295842] 1.3
[4295828, 4295856] 2.0
[4295828, 4295827] 14.0
[4295828] 1.0
[4295828, 4295829] 1.0
[4295828, 4295831] 1.0
[4295840, 4295848] 1.0
[4295828, 4295836] 2.5
[4295834] 43.0
[4295853, 4295829] 2.0
[4295828, 4295835] 6.0
[4295844, 4295851] 1.0
[4295828, 4295838] 0.6000000000000001
[4295840, 4295849] 7.0
[4295837] 1.0
[4295840] 1.0
