[]
[516918, 4282032, 3168517, 4200789, 1770589, 8744, 401052, 117855, 832851]
[2428654]
[4295829, -4295838] 0.9500000000000001
[] 1.0
[4295829, -4295837] 54.25
[4295829, -4295840] 6.65
[-4295837, 4295828] 0.05
[4295829, 4295849] 0.2
[4295829, -4295841] 3.1
[4295829, 4295848] 1.0
[4295829, -4295843] 0.25
[4295829, -4295850] 2.6
[4295829, 4295856] 1.0
[4295829, 4295829] 2.0
[4295829, 4295831] 5.0
[4295859] 1.0
[4295829, -4295826] 0.4
[4295829, -4295828] 1334.5500000000002
[4295829, 4295835] 0.2
[4295829, -4295827] 0.45
[4295829, -4295829] 340.65000000000003
[4295829, 4295836] 0.2
[-4295829, -4295839] 1.0
[-4295829, 4295829] 0.7000000000000001
[4295829, 4295838] 0.45
[4295829, 4295843] 0.25
[-4295829, -4295827] 1.0
[4295829, 4295827] 0.30000000000000004
[-4295829, -4295829] 35.0
[-4295829] 20.0
[-4295837, 4295847] 3.0
[4295829] 0.1
[4295829, -4295860] 7.300000000000001
[-4295829, 4295859] 2.0
[-4295837, 4295851] 1.0
[-4295837] 2.0
