[]
[2291382, 51701, 769475, 326365, 1863525, 3530495, 794288, 368043, 4198127]
[6120]
[-4295839, 4295857] 0.2
[] 1.0
[-4295839, 4295859] 0.25
[-4295839, 4295827] 2.0
[-4295839, 4295858] 0.15000000000000002
[-4295839, 4295828] 0.15000000000000002
[-4295839, 4295830] 0.25
[-4295839, 4295834] 1.9500000000000002
[-4295839, 4295837] 0.35000000000000003
[-4295839, 4295839] 24.8
[-4295839, 4295840] 0.1
[-4295839, -4295844] 1.0
[-4295839, 4295842] 0.6000000000000001
[-4295839, 4295844] 1.0
[-4295839, 4295851] 1.0
[-4295839, 4295853] 0.15000000000000002
[-4295839, 4295852] 0.5
[-4295839] 16.0
