[]
[594217, 1074912, 630840, 2297968, 807615, 824602, 526641, 786498, 2809973]
[2740106]
[3480836, -3480836] 0.8
[] 1.0
[3480837, -3480868] 4.0
[3480939, -3480958] 1.0
[3480836, -3480834] 1.0
[3480838, 3480869] 7.0
[3480837, -3480863] 8.0
[3480852, 3480953] 1.0
[3480838, 3480875] 1.0
[3480852] 17.0
[3480852, 3480952] 1.0
[-3480848, 3481071] 1.0
[3480852, -3481071] 3.0
[3480939, 3480821] 1.0
[3480939, 3480819] 0.05
[3480844, -3480835] 1.0
[3480852, 3480962] 1.0
[3480936, -3480869] 2.0
[3480939, -3480962] 4.0
[3480836, -3480838] 0.2
[3480852, -3480836] 0.8
[3480838] 15.0
[3480844, -3480844] 5.800000000000001
[3480837] 1.0
[3480852, -3480834] 14.450000000000001
[3480852, -3480835] 7.0
[-3480848, 3480836] 2.0
[3480836] 2.0
[3480939, 3480831] 2.0
[3480895, -3480895] 61.75
[-3480848, 3480844] 1.0
[3481004, 3480874] 1.0
[3480852, -3480838] 0.75
[3480844] 1.0
[3480852, -3480839] 9.0
[3480939, -3480976] 2.0
[3480852, -3480852] 4.5
[3480836, -3480869] 2.0
[3481004, 3480813] 0.05
[3480939, -3480988] 3.0
[3480837, 3480874] 1.0
[3480838, -3480938] 0.05
[3480939, -3480998] 7.0
[3480838, -3480936] 0.35000000000000003
[3480838, 3480846] 0.5
[3481004, -3480962] 1.0
[3480939, -3480996] 11.0
[3480852, -3481113] 1.0
[3480852, -3480869] 3.0
[3480838, -3480944] 2.2
[3480939, -3481004] 18.0
[3480838, -3480941] 2.0
[3481004, 3480831] 1.0
[3480838, 3480864] 1.0
[3480838, 3481119] 2.0
[3480838, -3480952] 1.0
[3480852, -3480875] 4.0
[3480852, -3481131] 1.0
[3480939, -3481012] 4.0
[3480838, 3480867] 1.0
[3480837, -3480917] 1.0
[3480838, -3480834] 10.0
[3480838, -3481090] 1.0
[3480838, -3480835] 2.0
[3480939, 3480881] 1.0
[-3480848, 3481021] 1.0
[3480939, -3480901] 1.0
[3480838, -3480838] 16.75
[3480838, -3480836] 1.9500000000000002
[3480838, 3480952] 2.0
[-3480848, 3481027] 3.0
[3480939, -3481173] 7.5
[3480939, -3480917] 2.0
[3480838, -3480852] 2.0
[3480837, 3480935] 1.0
[3480837, 3480934] 1.0
[3480837, -3480836] 1.0
[3480838, -3480867] 1.0
[3480939, 3481099] 2.0
[3480837, 3480932] 0.05
[3480838, -3480875] 1.0
[3480895, -3480850] 1.0
[3480936, -3480838] 0.2
[3480895] 1.0
[3480936, -3480836] 0.25
[3480837, -3480837] 22.150000000000002
[3480936, -3480834] 1.0
[3480838, -3480869] 7.0
[3480939, -3480939] 23.35
[3480939, -3480937] 1.0
[3480852, -3481065] 2.0
[3481004, -3480910] 1.0
[3480852, 3480822] 2.0
[3480852, -3480949] 14.0
[3480852, 3480826] 1.0
[3480836, 3480809] 2.0
[3480939, -3480837] 12.25
[3480837, -3481004] 10.0
[3480852, -3480954] 1.0
[3480852, 3480827] 1.0
[3480852, -3480952] 2.0
[3480939, -3480832] 2.0
[3480939, -3480841] 5.95
[3480836, -3480974] 1.0
[3480852, 3480846] 0.55
[3480852, -3480972] 1.0
[3480852, 3480844] 3.0
[3480836, 3480827] 2.0
[3480852, 3481054] 8.0
[3480939, -3480870] 1.0
[3480939, -3480867] 3.0
[3480939, -3480868] 1.0
[3480939, -3480863] 70.45
[3480936] 1.0
[3480837, 3481012] 1.0
[3480852, 3480810] 1.0
[3480852, 3480809] 0.55
[3480838, -3481071] 1.0
[3480939, -3480874] 1.0
[3480939, -3480871] 1.0
[3480852, -3481004] 1.0
[3480939, 3480933] 0.05
[3480852, 3480812] 1.0
[-3480848, 3481004] 1.0
[3480837, 3481025] 1.0
[3480939] 1.0
[3480836, 3480869] 1.0
[3480838, 3480811] 0.2
[-3480848] 1.0
[3480838, 3480809] 1.05
[3480936, -3480936] 0.1
[3480837, -3480937] 1.0
[3480939, -3481025] 6.0
[3480844, -3480895] 5.0
[3481004, -3481004] 4.75
[3480838, 3480822] 7.0
[3480939, 3481025] 1.0
[-3480848, 3480895] 1.0
[3480936, -3480938] 0.05
[3480852, 3480913] 1.0
[3480936, 3480869] 1.0
[3480852, 3480853] 1.0
[3480936, 3480809] 1.0
[3480939, 3480972] 3.0
[3480852, -3480913] 2.0
[3480852, 3481113] 1.0
[3480852, 3480855] 4.0
[3480939, 3480974] 1.0
[3480836, 3480846] 1.0
[3480836, -3480938] 0.1
[3481004, 3481012] 1.0
[3480836, -3480936] 0.45
[3480852, 3480864] 2.0
[3480852, 3481119] 1.0
[3480852, 3480869] 1.0
[3480837, 3480821] 1.0
[3481004, 3481025] 1.0
[3480837, 3480831] 1.0
[-3480848, 3480941] 1.0
[3480852, -3480941] 4.0
[3480939, -3480822] 5.0
[3480852, -3480938] 0.6000000000000001
[-3480848, 3480939] 1.0
[3480852, 3480875] 3.0
[3480852, -3480936] 0.30000000000000004
[3480852, -3480937] 1.0
[-3480848, 3480938] 1.0
[3481004] 1.0
[-3480848, 3480936] 2.0
