[]
[1819800, 3292807, 437072, 280716, 2481497, 285241, 610967, 1696327, 23679]
[1604405]
[] 0.05
[4295860, 4295843] 3.750000000000001E-4
[4295854, -4295847] 0.0033750000000000004
[4295860, 4295848] 0.05
[4295860, 4295849] 0.005000000000000001
[4295854, -4295852] 0.0125
[4295854, -4295855] 0.008262500000000002
[4295851] 0.05
[4295854, -4295854] 0.05175000000000001
[4295860, 4295856] 0.05
[4295854] 0.05
[4295855] 0.05
[4295860, 4295827] 0.0026250000000000006
[4295860] 0.05
[4295855, 4295859] 0.05
[4295860, 4295831] 8.750000000000001E-4
[4295860, 4295836] 7.712500000000002E-4
[4295860, 4295835] 0.005000000000000001
[4295860, 4295838] 0.015000000000000003
[4295854, -4295839] 0.005000000000000001
[4295828, -4295839] 0.0075000000000000015
[4295855, 4295839] 0.0022500000000000003
[4295828, -4295838] 8.125000000000001E-4
[4295828, -4295841] 8.906250000000001E-4
[4295828, -4295840] 0.004562500000000001
[4295828, -4295843] 3.750000000000001E-4
[4295828, -4295850] 0.0010375000000000002
[4295828, -4295827] 0.0016250000000000001
[4295855, 4295827] 0.010000000000000002
[4295828, -4295826] 7.500000000000002E-4
[4295828, -4295829] 1.5283203125000003E-4
[4295855, 4295829] 0.0075000000000000015
[4295828, -4295828] 3.836343750000002E-4
[4295828, -4295833] 0.005000000000000001
[4295828, -4295837] 0.0015584375000000006
[4295860, -4295839] 0.0075000000000000015
[4295860, -4295838] 7.062500000000002E-4
[4295860, -4295841] 8.184375000000003E-4
[4295860, -4295840] 0.003725000000000001
[4295854, 4295839] 0.0010000000000000002
[4295860, -4295843] 3.750000000000001E-4
[4295860, -4295850] 8.625000000000001E-4
[4295860, -4295827] 0.0016250000000000001
[4295860, -4295826] 5.000000000000001E-4
[4295860, -4295829] 1.3519921875000007E-4
[4295828, -4295860] 0.0011484375000000002
[4295860, -4295828] 3.066843750000001E-4
[4295854, 4295827] 0.0012500000000000002
[4295854, 4295829] 0.005000000000000001
[4295860, -4295833] 0.05
[4295860, -4295837] 0.0013300000000000002
[4295828, 4295843] 5.000000000000001E-4
[4295828, 4295848] 0.05
[4295851, -4295851] 0.0012907132812500007
[4295855, -4295847] 0.005000000000000001
[4295828, 4295849] 0.0012500000000000002
[4295855, -4295854] 0.002462500000000001
[4295828, 4295856] 0.005000000000000001
[4295855, -4295855] 0.008500000000000002
[4295828, 4295827] 0.0032500000000000003
[4295828] 0.1
[4295828, 4295831] 8.750000000000001E-4
[4295860, -4295860] 9.403125000000002E-4
[4295828, 4295836] 9.681250000000002E-4
[4295828, 4295835] 0.010000000000000002
[4295828, 4295838] 0.0013750000000000004
