[]
[395188, 169296, 281536, 47463, 1229402, 1442940, 532740, 2583114, 311577]
[4265060]
[] 1.0
[4295829, -4295837] 2.35
[-4295837, 4295826] 1.0
[-4295840] 0.8500000000000001
[-4295840, 4295855] 1.0
[4295829, -4295840] 1.35
[-4295840, 4295858] 0.2
[-4295837, 4295828] 0.15000000000000002
[4295829, -4295850] 3.45
[-4295837, 4295839] 1.0
[4295829, 4295856] 2.0
[4295829, 4295859] 2.0
[-4295837, 4295840] 0.6000000000000001
[4295829, 4295829] 0.15000000000000002
[-4295840, 4295839] 1.0
[4295829, 4295831] 1.0
[-4295829, -4295836] 3.0
[-4295837, -4295844] 1.0
[-4295840, 4295844] 1.0
[-4295837, -4295845] 2.0
[-4295840, 4295845] 3.0
[4295829, -4295829] 196.0
[4295829, 4295836] 1.0
[-4295840, 4295847] 1.0
[-4295829, 4295829] 0.35000000000000003
[-4295840, 4295851] 0.1
[-4295840, 4295854] 2.0
[-4295840, 4295853] 1.0
[-4295837, 4295858] 1.0
[-4295840, 4295828] 0.05
[4295829, 4295827] 1.0
[-4295840, 4295837] 0.45
[-4295829, 4295850] 0.25
[-4295837, 4295845] 0.05
[-4295840, -4295845] 1.0
[-4295837, 4295844] 1.0
[-4295840, -4295844] 1.0
[-4295829] 26.0
[-4295837, 4295847] 1.1
[4295829] 2.0
[4295829, -4295860] 4.0
[-4295829, 4295859] 1.0
[-4295837, 4295851] 0.1
[-4295837, 4295853] 0.5
[-4295837, 4295852] 0.8
[-4295837] 1.25
[-4295837, 4295857] 1.0
