[]
[918318, 1025802, 798873, 1062903, 479790, 526723, 2109756, 2116989, 1139790]
[1474717]
[] 1.0
[3480809, -3481024] 4.0
[3480809, -3481022] 4.0
[3480809, 3481261] 0.2
[3480809, -3481018] 1.7000000000000002
[3480809, -3481031] 2.0
[3480809, -3481285] 1.0
[3480809, -3481283] 3.0
[3480809, -3481040] 0.05
[3480809, -3481033] 5.0
[3480809, -3481045] 3.0
[3480809, -3481046] 2.35
[3480809, -3481042] 0.05
[3480809, -3481055] 1.9000000000000001
[3480809, -3481311] 2.0
[3480809, -3481312] 2.0
[3480963, -3480963] 46.0
[3480963, -3480962] 5.0
[3480809, -3481063] 1.0
[3480809, -3480813] 1.5750000000000002
[3480809, -3481070] 1.4500000000000002
[3480809, -3480811] 0.37000000000000005
[3480809, -3481067] 1.0
[3480809, -3480812] 0.9675000000000001
[3480809, -3480809] 7.047500000000001
[3480809, -3480810] 0.28500000000000003
[3480809, -3480822] 3.0
[3480809, -3480819] 8.0875
[3480809] 2.0
[3480809, -3481076] 14.0
[3480809, -3480953] 1.0
[3480809, 3481324] 1.0
[3480809, 3480819] 1.0
[3480809, 3480823] 2.0
[3480809, 3480821] 1.0
[3480809, -3480962] 3.0
[3480963, -3480881] 2.0
[3480809, -3481227] 1.0
[3480809, -3481228] 1.0
[3480809, -3481238] 0.2
[3480809, -3480979] 2.7
[3480809, -3481006] 0.8
[-3481069, 3480997] 1.0
[3480809, -3481002] 18.0
[3480809, -3481014] 1.0
[3480809, -3481266] 4.0
[3480809, -3480894] 4.8500000000000005
[3480809, -3480903] 3.0
[3480809, 3480881] 0.30000000000000004
[3480809, -3480902] 0.30000000000000004
[3480963, -3481065] 1.0
[3480809, 3481147] 1.0
[3480963, -3480822] 2.0
[3480809, -3480909] 1.0
[3480963] 1.0
[3480809, -3480919] 0.4
[3480809, -3480920] 2.0
[3480809, -3480918] 13.0
[3480809, -3480916] 1.1
[3480809, 3480850] 1.0
[3480809, -3480933] 0.22250000000000003
[3480963, -3481100] 20.0
[3480809, -3480934] 1.9500000000000002
[3480809, -3480931] 1.85
[3480809, -3480932] 0.9500000000000001
[3480809, -3481199] 1.0
[3480809, -3481198] 2.0
[3480809, -3481207] 3.0
[3480809, -3480945] 4.0
[3480963, -3480997] 10.0
[3480809, -3480831] 1.0
[3480809, -3480828] 14.0
[-3481069, 3480832] 1.0
[3480809, -3481093] 7.0
[3480809, -3481104] 2.0
[3480809, -3481101] 4.0
[3480809, -3480846] 2.4650000000000003
[3480809, -3480855] 2.0
[3480809, -3480853] 0.1125
[3480809, 3480965] 1.0
[3480809, -3480864] 4.0
[3480809, -3480862] 22.950000000000003
[3480809, -3480859] 4.55
[3480809, -3481115] 2.0
[3480809, -3480860] 7.1000000000000005
[3480809, -3480857] 1.55
[3480809, -3480867] 4.0
[3480809, 3480918] 1.0
[3480809, -3481378] 1.0
[3480809, -3480879] 1.6500000000000001
[3480809, -3481391] 1.0
[3480809, 3480923] 1.0
[-3481069] 1.0
[3480809, -3480887] 4.1000000000000005
[3480809, 3480930] 4.0
[3480809, 3480929] 1.0
[3480809, -3480883] 0.8
[3480809, -3480884] 2.0
[3480809, -3480881] 4.3
