[]
[76176, 1123095, 2332804, 1836379, 379309, 2104233, 1311230, 2599610, 2237084]
[2147323]
[3481070, -3480922] 1.0
[] 1.0
[3480809, -3481024] 11.0
[3480809, -3481022] 4.0
[3481070, -3480919] 1.0
[3481070, 3480850] 0.45
[3481070, -3480916] 10.75
[3480809, 3481261] 4.0
[3481070, -3480917] 2.0
[3480809, -3481018] 15.0
[3480809, -3481031] 1.0
[3481070, -3480931] 1.3125
[3480809, -3481039] 6.0
[3480809, -3481040] 3.0
[3480809, -3481038] 1.0
[3481070, -3480934] 1.5
[3481070, -3480932] 0.48250000000000004
[3480809, -3481033] 15.0
[3481070, -3480933] 2.7925000000000004
[3480809, -3481045] 5.0
[3480809, -3481046] 4.0
[3480809, -3481041] 6.0
[3480809, -3481042] 3.0
[3481070, -3480962] 10.0
[3480809, -3481063] 2.5
[3481070, -3480956] 1.0
[3481070, -3480957] 1.0
[3481070, -3480971] 1.0
[3480809, -3481070] 0.3225
[3481070] 1.0
[3481070, -3480979] 9.850000000000001
[3480809, -3481076] 3.4000000000000004
[3481070, -3480859] 0.37000000000000005
[3480809, -3480957] 3.0
[3481070, -3480857] 9.700000000000001
[3481070, -3480855] 6.0
[3480809, -3480956] 1.0
[3480963, -3481119] 5.0
[3481070, -3480853] 1.1
[3480809, 3481324] 2.0
[3481070, -3481378] 1.0
[3481070, -3480867] 6.0
[3481070, 3480918] 1.0
[3481070, -3480862] 1.165
[3481070, -3480860] 4.8375
[3480809, -3480962] 11.0
[3481070, -3481386] 1.0
[3480809, -3480971] 1.0
[3481070, -3480868] 2.0
[3481070, 3480930] 4.0
[3481070, 3480929] 4.0
[3480809, -3480983] 0.05
[3480809, -3480981] 1.0
[3481070, -3480881] 0.5475000000000001
[3480809, -3480979] 9.850000000000001
[3481070, -3480879] 0.4650000000000001
[3481070, -3481391] 1.0
[3480812, -3481070] 2.8000000000000003
[3481070, 3480884] 1.0
[3481070, -3480887] 9.200000000000001
[3481070, 3480881] 2.0
[3481070, -3480894] 0.9175000000000001
[3481070, 3481404] 0.35000000000000003
[3481070, -3480906] 1.0
[3480809, -3481007] 1.0
[3480809, -3481006] 3.0
[3481070, -3480902] 0.4
[3481070, -3480903] 1.4500000000000002
[3480809, -3481002] 5.65
[3481070, -3480914] 1.0
[3480809, -3481013] 1.0
[3480809, -3481014] 2.0
[3480809, -3481011] 1.0
[3480809, -3480894] 0.9450000000000002
[3480809, -3480903] 1.4500000000000002
[3480809, -3480902] 0.4
[3481070, -3480810] 1.4375
[3480809, 3481147] 1.0
[3481070, -3480811] 0.06150000000000001
[3481070, -3480809] 1.4401250000000003
[3481070, -3481316] 2.0
[3480809, -3480906] 1.0
[3481070, -3480818] 1.0
[3480809, -3480919] 10.0
[3481070, -3480819] 2.7037500000000003
[3480809, -3480920] 1.0
[3480809, -3480917] 2.0
[3480809, -3480916] 11.15
[3481070, -3480812] 5.510000000000001
[3481070, -3480813] 0.39300000000000007
[3480809, -3480914] 1.0
[3481070, -3480824] 17.0
[3481070, -3480822] 0.7000000000000001
[3480809, -3480922] 1.0
[3480809, -3480933] 2.7925000000000004
[3480963, -3481100] 5.0
[3480812, -3481027] 0.15000000000000002
[3481070, -3480833] 1.0
[3480809, -3480934] 2.15
[3480809, -3480931] 1.3375000000000001
[3481070, -3480831] 4.25
[3480809, -3480932] 0.4850000000000001
[3481070, -3480828] 6.0
[3481070, -3480850] 1.0
[3481070, -3480846] 0.231
[3480963, -3481111] 2.0
[3481070, -3480844] 2.0
[3480963, -3480997] 16.0
[3480809, -3480831] 4.25
[3481070, -3481238] 2.0
[3480809, -3480827] 1.0
[3480809, -3480828] 2.2475
[3480809, -3480833] 1.0
[3480809, -3480846] 0.23587500000000003
[3480809, -3480844] 2.0
[3481070, -3481266] 2.0
[3480809, -3480855] 6.0
[3480809, -3480853] 1.25
[3481070, 3481324] 2.0
[3480809, -3480850] 1.0
[3481070, 3481261] 4.0
[3480809, -3480862] 1.165
[3480809, -3480859] 0.5075000000000001
[3480812, -3480953] 1.0
[3480809, -3480860] 4.865000000000001
[3480809, -3480857] 9.700000000000001
[3481070, -3481282] 1.0
[3480809, 3481171] 2.0
[3481070, -3481283] 1.0
[3481070, -3481281] 1.0
[3480809, -3480867] 11.0
[3480809, -3480868] 2.0
[3480809, -3481378] 1.0
[3480809, -3480879] 0.5
[3480809, -3481391] 1.0
[3481070, -3481285] 1.0
[3480809, -3481386] 1.0
[3480809, -3480887] 9.3
[3480809, -3480883] 2.7
[3480809, -3480881] 0.5950000000000001
[3480812, -3480860] 1.0
[3480812, 3480914] 1.0
[3480812, 3480916] 10.0
[3480809, -3481285] 1.0
[3480809, -3481283] 1.0
[3480963, -3480935] 8.0
[3480809, -3481281] 1.0
[3480809, -3481282] 1.0
[3480963, -3480956] 1.0
[3480812, -3480881] 3.0
[3481070, -3481199] 2.0
[3480963, -3480963] 20.0
[3480963, -3480962] 24.0
[3480812, 3480881] 1.0
[3481070, -3481207] 5.0
[3480963, -3480971] 4.0
[3480809, -3481316] 2.0
[3481070, -3481227] 7.0
[3480809, -3480813] 0.4228750000000001
[3480809, -3480811] 0.069
[3480809, -3480812] 5.5125
[3480809, -3480809] 1.4863750000000004
[3480809, -3480810] 1.4400000000000002
[3480809, -3480823] 0.05
[3480809, -3480824] 1.9350000000000003
[3480809, -3480822] 0.7000000000000001
[3480809, -3480819] 2.7070000000000003
[3480809] 2.0
[3480812] 1.0
[3480809, -3480818] 1.0
[3481070, -3481115] 1.0
[3480963, -3480867] 1.0
[3481070, 3481171] 2.0
[3480963, -3480864] 1.0
[3480809, -3481217] 3.0
[3480812, -3480812] 3.6775
[3480812, -3480810] 1.7600000000000002
[3480963, -3480881] 10.0
[3480809, -3481227] 8.0
[3480812, -3480809] 1.0
[3481070, -3481139] 1.0
[3480812, -3480819] 12.9
[3480809, -3481238] 2.0
[3480812, -3480822] 2.0
[3480963, 3480881] 8.0
[3481070, 3481147] 1.0
[3480812, -3480844] 1.0
[3480809, -3481266] 2.0
[3481070, -3481046] 4.0
[3481070, -3481045] 5.0
[3480809, 3480881] 3.0
[3480809, 3480884] 1.0
[3480963, -3480822] 1.0
[3480962] 1.0
[3481070, -3481063] 2.5
[3480963] 3.0
[3480809, 3481404] 0.35000000000000003
[3481070, -3481070] 0.3225
[3481070, -3481076] 3.4000000000000004
[3480963, -3480832] 1.0
[3480809, 3480850] 0.45
[3480963, -3480844] 5.0
[3480809, -3481199] 2.0
[3480809, -3481198] 1.0
[3480809, -3481207] 5.0
[3481070, -3481104] 3.0
[3481070, -3481101] 2.0
[3480812, 3480850] 4.0
[3480809, -3481083] 1.0
[3481070, -3480983] 0.05
[3481070, -3481002] 5.6000000000000005
[3480809, -3481104] 3.0
[3480809, -3481101] 2.0
[3481070, -3481011] 1.0
[3481070, -3481006] 3.0
[3481070, -3481007] 1.0
[3481070, -3481018] 8.0
[3481070, -3481014] 2.0
[3480809, -3481115] 1.0
[3481070, -3481013] 1.0
[3481070, -3481024] 3.0
[3481070, -3481022] 4.0
[3480809, 3480918] 1.0
[3481070, -3481033] 4.0
[3481070, -3481031] 1.0
[3481070, -3481042] 3.0
[3480809, 3480930] 4.0
[3481070, -3481040] 3.0
[3480809, 3480929] 4.0
[3481070, -3481038] 0.9500000000000001
[3480809, -3481139] 1.0
