[]
[4199552, 4280192, 1204576, 860872, 14967, 960457, 3135031, 273645, 1055466]
[132362]
[4295829, -4295838] 0.30000000000000004
[] 1.0
[4295829, -4295837] 22.400000000000002
[4295829, -4295840] 1.6
[4295829, -4295841] 14.15
[4295829, 4295848] 1.0
[4295829, -4295843] 0.35000000000000003
[4295829, -4295846] 1.0
[4295829, -4295850] 5.25
[4295829, 4295856] 2.0
[4295829, 4295827] 0.25
[4295829, 4295829] 0.2
[4295829, 4295831] 1.0
[4295829, -4295826] 0.2
[-4295829] 20.0
[4295829] 0.2
[4295829, -4295828] 477.55
[4295829, -4295860] 3.75
[4295829, -4295829] 3178.2000000000003
[4295829, 4295836] 5.9
[-4295829, 4295829] 0.2
[4295829, 4295838] 0.35000000000000003
[4295829, 4295843] 0.35000000000000003
