[]
[296340, 4213456, 748808, 1120661, 3227705, 3798273, 401052, 152553, 823568]
[2465995]
[4295844, 4295828] 1.0
[] 1.0
[4295837, -4295829] 29.3
[4295844] 1.0
[4295837, -4295837] 177.60000000000002
[4295837, -4295840] 21.150000000000002
[4295851] 1.0
[4295837, -4295839] 1.0
[4295853] 4.0
[4295858] 1.0
[4295834, -4295853] 2.15
[4295837, -4295826] 2.0
[4295828, -4295839] 3.0
[4295828, -4295838] 7.3500000000000005
[4295828, -4295841] 155.75
[4295828, -4295840] 53.45
[4295828, -4295843] 0.45
[4295839, 4295829] 1.0
[-4295844, 4295828] 1.0
[4295828, -4295850] 43.75
[4295858, -4295858] 6.7
[4295828, -4295827] 15.0
[4295837, -4295850] 0.25
[4295853, -4295834] 1.1500000000000001
[4295828, -4295826] 10.0
[4295828, -4295829] 9970.050000000001
[4295828, -4295828] 30536.95
[4295828, -4295833] 1.0
[4295853, -4295839] 1.0
[4295853, -4295842] 0.15000000000000002
[4295828, -4295837] 354.15000000000003
[4295837, -4295860] 8.1
[-4295844, 4295851] 2.0
[-4295844] 2.0
[-4295844, 4295858] 2.0
[4295837, 4295859] 2.0
[4295839, -4295834] 0.65
[4295834, 4295829] 8.0
[4295839, -4295842] 0.1
[-4295844, 4295837] 1.0
[4295828, -4295860] 202.85000000000002
[4295828, 4295843] 0.45
[4295834, -4295832] 25.0
[4295834, -4295834] 13.55
[4295828, 4295848] 3.0
[4295851, -4295851] 82605.65000000001
[4295834, -4295839] 2.6500000000000004
[4295828, 4295849] 4.0
[4295837, 4295829] 3.0
[4295834, -4295842] 1.6
[4295828, 4295856] 5.0
[4295828, 4295827] 26.0
[4295828] 4.0
[4295828, 4295829] 1.0
[4295828, 4295831] 11.0
[4295828, 4295836] 129.95000000000002
[4295834] 59.0
[4295853, 4295829] 1.0
[4295828, 4295835] 6.0
[4295844, 4295851] 1.0
[4295828, 4295838] 0.8
[4295837] 1.0
[4295839] 2.0
