[]
[2624536, 2260066, 1906799, 2361251, 189125, 742211, 588338, 2739875, 1080651]
[2419002]
[] 1.0
[3480809, -3481024] 14.0
[3480809, -3481022] 5.0
[3480809, -3481019] 1.0
[3480809, -3481018] 82.0
[3480809, -3481031] 1.0
[3480809, -3481027] 2.0
[3480809, -3481039] 1.0
[3480809, -3481040] 4.0
[3480809, -3481038] 5.5
[3480827, 3481233] 1.0
[3480809, -3481033] 16.0
[3480809, -3481045] 1.0
[3480809, -3481046] 1.0
[3480809, -3481041] 1.0
[3480809, -3481042] 4.0
[3480809, -3481063] 8.0
[3480809, -3481070] 17.900000000000002
[3480809, -3481076] 77.0
[3480811, -3481022] 1.0
[3480809, -3480956] 1.0
[3480809, -3480953] 18.0
[3480809, 3481324] 1.0
[3480809, 3480819] 1.0
[3480855, -3480855] 2.0
[3480827, -3481012] 1.0
[3480809, 3480823] 1.0
[3480809, -3480963] 3.0
[3480809, 3480821] 1.0
[3480809, -3480962] 34.0
[3480811, -3481046] 0.15000000000000002
[3480809, -3480979] 8.3
[3480855, -3480867] 1.0
[3480812, -3481070] 0.8500000000000001
[3480827, -3481044] 11.0
[3480809, -3481007] 1.0
[3480809, -3481006] 60.0
[3480809, -3481002] 16.2
[3480809, -3481014] 12.0
[3480855, -3480901] 2.0
[3480809, -3481011] 1.0
[3480827, -3481057] 12.0
[3480809, -3480894] 1.4775
[3480827, -3480937] 2.0
[3480809, -3480903] 14.0
[3480809, -3480902] 0.55
[3480809, 3481147] 1.0
[3480827, -3480955] 8.0
[3480809, -3480919] 20.0
[3480809, -3480920] 1.0
[3480811, -3480982] 1.0
[3480809, -3480917] 1.0
[3480809, -3481430] 1.0
[3480809, -3480916] 9.05
[3480827, -3480962] 3.0
[3480809, -3480914] 2.0
[3480827, 3481056] 1.0
[3480809, -3480922] 1.0
[3480809, -3481434] 1.0
[3480811, -3480984] 2.0
[3480809, -3480933] 2.7975000000000003
[3480812, -3481027] 3.0
[3480809, -3480934] 2.75
[3480809, -3480931] 1.245
[3480809, -3480932] 4.9
[3480855, -3480832] 1.0
[3480809, -3480942] 1.0
[3480811, -3481011] 1.0
[3480827, -3480996] 10.0
[3480827, 3481081] 1.0
[3480809, -3480945] 8.0
[3480963, -3480997] 27.0
[3480809, -3480831] 19.0
[3480811, -3480894] 0.035
[3480809, -3480828] 9.25
[3480827, -3480874] 4.0
[3480809, -3481338] 1.0
[3480809, -3480839] 1.0
[3480809, -3480846] 3.6500000000000004
[3480809, -3480844] 4.0
[3480809, -3480855] 13.0
[3480827, -3480901] 8.0
[3480809, -3480856] 2.0
[3480811, -3480918] 2.0
[3480809, -3480853] 22.0
[3480811, -3480916] 1.0
[3480809, -3480850] 1.0
[3480827, -3480909] 1.0
[3480809, -3480864] 11.0
[3480809, -3480862] 8.9
[3480809, -3480859] 10.950000000000001
[3480812, -3480953] 2.6
[3480809, -3480860] 20.700000000000003
[3480809, -3480857] 10.0
[3480811, -3480919] 1.0
[3480809, 3481171] 1.0
[3480811, -3480933] 1.0
[3480811, -3480934] 17.0
[3480811, -3480931] 4.0
[3480811, -3480932] 12.0
[3480809, -3480867] 17.0
[3480809, -3480868] 1.0
[3480809, -3481378] 1.0
[3480809, -3480879] 0.6800000000000002
[3480809, -3481391] 1.0
[3480809, -3480887] 6.2
[3480809, -3480883] 17.55
[3480811, -3480945] 2.0
[3480809, -3480881] 0.6000000000000001
[3480855] 3.0
[3480811, -3480828] 0.35000000000000003
[3480812, 3480914] 9.0
[3480811, -3480824] 43.0
[3480827, -3480822] 10.0
[3480812, 3480916] 10.0
[3480811, -3480831] 1.0
[3480809, -3481282] 7.0
[3480811, -3480846] 65.0
[3480827, -3480827] 37.9
[3480811, 3480960] 2.0
[3480827, -3480824] 53.0
[3480811, -3480853] 2.0
[3480812, -3480878] 3.0
[3480827, -3480832] 1.0
[3480811, -3480862] 1.0
[3480963, -3480963] 92.0
[3480811, -3480859] 1.9000000000000001
[3480811, -3480860] 8.0
[3480963, -3480962] 4.0
[3480811, -3480864] 3.0
[3480827] 1.0
[3480809, -3480813] 6.535000000000001
[3480811, 3480923] 0.25
[3480809, -3480811] 3.4525
[3480811, 3480929] 1.0
[3480809, -3480812] 12.120000000000001
[3480809, -3480809] 19.267500000000002
[3480827, -3480855] 4.0
[3480809, -3480810] 4.6875
[3480809, -3480824] 67.7
[3480809, -3480822] 23.0
[3480809, -3480819] 109.5
[3480811, -3480881] 8.0
[3480809] 2.0
[3480812] 1.0
[3480809, -3480817] 1.0
[3480811] 1.0
[3480827, -3480864] 73.0
[3480809, -3481209] 1.0
[3480963, -3480864] 2.0
[3480809, -3481217] 3.0
[3480812, -3480812] 1.8650000000000002
[3480812, -3480810] 1.2300000000000002
[3480812, -3480811] 1.0
[3480809, -3481227] 1.0
[3480812, -3480809] 2.0
[3480827, 3481044] 7.0
[3480812, -3480819] 2.0
[3480812, -3480822] 1.0
[3480812, -3480844] 2.0
[3480811, -3480813] 3.0
[3480811, -3480811] 8.75
[3480811, -3480809] 10.4
[3480811, -3480822] 1.0
[3480809, -3481265] 1.0
[3480811, 3480821] 1.0
[3480809, 3480881] 9.0
[3480811, 3480819] 1.0
[3480811, 3480824] 5.0
[3480811, 3480823] 1.0
[3480855, -3481044] 2.0
[3480809, 3480884] 1.0
[3480963, -3480822] 5.0
[3480812, -3481261] 3.0
[3480827, -3481211] 10.0
[3480811, 3480831] 1.0
[3480963] 2.0
[3480963, -3480825] 1.0
[3480855, -3481071] 1.0
[3480809, 3480850] 1.0
[3480963, -3480844] 3.0
[3480809, -3481199] 1.0
[3480809, -3481198] 1.0
[3480809, -3481207] 5.0
[3480827, 3480821] 1.0
[3480827, 3480819] 2.0
[3480812, 3480850] 1.25
[3480809, -3481082] 10.0
[3480811, 3480889] 1.0
[3480809, -3481111] 3.0
[3480827, -3481156] 3.0
[3480827, 3480859] 1.0
[3480811, -3481180] 1.0
[3480809, -3481115] 1.0
[3480809, 3480918] 1.0
[3480809, 3480923] 7.0
[3480809, -3481135] 1.0
[3480827, 3480881] 2.0
[3480809, 3480924] 1.0
[3480809, 3480930] 5.0
[3480809, 3480929] 3.0
