[]
[2666425, 2359669, 2370309, 641676, 330464, 572734, 2134666, 1574004, 1048927]
[628103]
[] 1.0
[3481295, 3481295] 3.0
[3481295, 3481294] 0.65
[3480813, -3480887] 5.4725
[3480813, -3480888] 1.0
[3481295, -3481238] 4.0
[3480813, 3480881] 4.0
[-3481294, 3480831] 2.0
[3480813, 3480884] 1.0
[3480813, -3480895] 5.0
[3480813, -3480894] 3.49
[3481294, 3480831] 1.0
[3480813, -3480906] 2.0
[3480813, -3480903] 30.0
[3480813, -3480902] 25.0
[3480813, -3480916] 22.0
[3481295, 3480813] 1.0
[3481294, 3481295] 4.0
[3480813, -3481434] 1.0
[3480813, -3480922] 1.0
[3481294, 3481293] 2.0
[3480813, -3480919] 2.0
[3480813, 3480850] 2.0
[3480813, -3480917] 3.0
[3480813, -3480918] 1.0
[3480813, -3480931] 2.2425
[3480813, -3480932] 2.68
[3480831] 1.0
[3480813, -3480933] 0.8178750000000001
[3480813, -3480934] 0.4575
[3480813] 1.0
[3481295, -3481295] 5.050000000000001
[3480813, -3481199] 3.0
[3481295, 3481293] 52.0
[3481295, -3481294] 2.0
[3480813, -3480828] 15.0
[3480813, -3481082] 5.5
[3480813, -3480824] 3.0500000000000003
[3480813, -3480822] 1.9000000000000001
[3480813, -3481090] 1.0
[3480813, -3480831] 9.0
[3481293, 3480921] 1.0
[3480813, -3480844] 2.0
[3480813, -3481093] 1.0
[-3481294, 3481295] 3.0
[-3481294, 3481293] 22.0
[-3481294, 3481294] 0.6000000000000001
[3480813, -3480850] 1.0
[-3481294, -3481295] 0.6000000000000001
[-3481294, -3481294] 2.0
[3480813, -3481104] 16.0
[3480813, -3480848] 2.0
[3480813, -3480846] 0.8797500000000001
[3480813, -3480859] 5.15
[3480813, -3481115] 2.0
[3480813, -3480860] 16.235000000000003
[3480813, -3480857] 20.85
[3480813, -3480855] 4.0
[3480813, -3481111] 1.0
[3480813, 3481171] 1.0
[3480813, -3480856] 4.0
[3481293, 3480881] 5.0
[3481293, -3481397] 1.0
[3480813, -3480853] 7.45
[3481293, 3480887] 9.0
[3480813, -3480867] 2.0
[3480813, 3480918] 1.0
[-3481295, 3480831] 1.0
[3480813, -3481378] 1.0
[3480813, -3480864] 3.0
[3480813, -3480862] 3.755000000000001
[3480831, 3480881] 1.0
[3480813, -3480876] 1.0
[3481295, 3480831] 3.0
[3480813, 3480930] 4.0
[3480813, 3480929] 1.0
[3480813, -3480883] 5.0
[3480813, -3481139] 3.0
[-3481294, 3480813] 1.0
[3480813, -3480881] 8.0
[3480813, -3480879] 12.25
[3480813, -3481391] 1.0
[3480813, -3481018] 2.45
[3480813, -3481013] 1.0
[3480813, -3481014] 3.0
[3481293, -3481315] 3.35
[3481293, 3481239] 11.0
[3480813, -3481027] 3.0
[3480813, -3481283] 5.0
[3481293, 3481238] 2.45
[3480813, -3481284] 5.0
[3480813, -3481281] 1.0
[3480813, -3481024] 6.0
[3480813, -3481022] 44.0
[3480813, -3481033] 2.0
[3480813, -3481031] 1.0
[3480813, -3481285] 5.0
[3481295, -3480881] 1.0
[3480813, -3481041] 1.0
[3480831, -3480831] 0.5075000000000001
[-3481295] 1.0
[-3481294] 2.0
[3480813, -3481042] 0.55
[3480813, -3481039] 1.0
[3480813, -3481040] 0.55
[3480813, -3481038] 2.4000000000000004
[3481295, 3480881] 1.0
[3480813, -3481045] 4.0
[3480813, -3481046] 3.0
[3480813, -3481316] 2.0
[3480813, -3481312] 2.0
[3480813, -3480811] 6.68
[3480813, -3480812] 3.3068750000000002
[3480813, -3480809] 3.1536250000000003
[3480813, -3480810] 0.7456250000000001
[3480813, -3481063] 14.0
[3481293, -3480851] 1.0
[3480813, -3480819] 13.90625
[3480813, -3481076] 7.0
[-3481295, 3481295] 4.0
[-3481295, 3481293] 2.0
[3480813, -3480813] 1.5837500000000002
[-3481295, -3481294] 2.0
[3480813, -3481070] 3.4350000000000005
[3480813, -3480956] 2.0
[3480813, -3480953] 37.0
[3480813, -3481209] 3.0
[3480813, 3481324] 1.0
[3480813, -3481207] 3.0
[3480813, -3480963] 3.0
[3480813, -3481220] 1.0
[3480813, -3480962] 26.0
[3480813, -3480971] 2.0
[3480813, -3481227] 4.0
[3480813, -3480979] 3.1850000000000005
[3481294] 1.0
[3481293] 22.0
[3481295] 4.0
[3481294, -3481294] 2.0
[3481293, -3481274] 1.0
[3480813, -3481238] 2.0
[3480831, -3481294] 1.0
[3480813, -3481002] 10.600000000000001
[3480813, -3481265] 0.4
[3480813, -3481266] 12.0
[3480813, -3481007] 1.0
[3481293, -3481293] 11.3
[3480813, -3481261] 1.0
[3480813, -3481006] 11.0
