[]
[2825226, 1452754, 1752526, 2590898, 485871, 2008503, 554340, 3027362, 20413]
[1072191]
[-3480838, 3480895] 1.0
[] 1.0
[-3480838, 3481021] 0.30000000000000004
[-3481181, 3480838] 1.0
[-3481181, 3480836] 1.0
[-3481181, 3480837] 1.0
[-3480838, -3480876] 0.25
[-3481181] 1.0
[-3480838, 3480837] 0.35000000000000003
[-3480838, 3480838] 0.5
[-3480838, 3480835] 22.0
[-3480838, 3480836] 1.0
[-3480838, 3480848] 0.15000000000000002
[-3480838] 0.55
[-3480838, 3480844] 0.6000000000000001
[-3480838, 3481036] 0.05
[-3480838, 3480970] 37.0
[-3481181, 3481181] 2.0
[-3480838, 3480850] 1.0
[-3480838, 3480863] 0.35000000000000003
[-3480838, 3480989] 0.05
[-3480838, 3480936] 0.15000000000000002
[-3480838, -3480848] 0.1
[-3481181, 3480888] 1.0
[-3480838, 3480941] 1.0
[-3480838, 3480939] 0.15000000000000002
[-3480838, 3480876] 0.2
[-3480838, 3481004] 0.2
[-3480838, 3480937] 1.0
[-3480838, 3480938] 2.0
[-3480838, 3480819] 1.0
