[]
[3264419, 4291858, 594829, 2719852, 4264484, 646958, 1164934, 722595, 2709703]
[4203135]
[] 1.0
[-4295826, 4295837] 0.75
[4295829, -4295837] 7.050000000000001
[4295829, -4295840] 1.9000000000000001
[-4295826, 4295839] 0.15000000000000002
[4295829, -4295850] 0.1
[4295829, 4295859] 1.0
[-4295826, 4295851] 1.0
[4295829, 4295829] 0.1
[-4295826, 4295853] 1.0
[-4295826] 20.0
[-4295826, 4295855] 0.30000000000000004
[4295859] 1.0
[-4295826, 4295858] 0.75
[4295829] 1.0
[-4295826, 4295828] 0.30000000000000004
[4295829, -4295860] 0.35000000000000003
[4295829, -4295829] 3.6500000000000004
