[]
[651033, 3919035, 76613, 838137, 1786909, 3163897, 1392297, 2107198, 2804405]
[925008]
[-4295837, 4295827] 2.0
[] 1.0
[-4295837, 4295826] 5.0
[-4295837, 4295828] 64.0
[-4295829, 4295839] 104.0
[-4295837, 4295830] 16.0
[-4295837, 4295832] 63.0
[-4295837, 4295834] 30.8
[-4295829, 4295847] 1.0
[-4295837, 4295839] 22.400000000000002
[-4295840, -4295839] 2.0
[-4295837, 4295841] 3.0
[-4295837, 4295840] 3.0500000000000003
[4295827, 4295829] 0.35000000000000003
[-4295829, 4295827] 60.0
[-4295829, 4295829] 11.450000000000001
[-4295829, 4295833] 91.0
[-4295837, 4295859] 94.0
[-4295837, 4295858] 79.0
[-4295837, 4295861] 10.0
[-4295837, 4295860] 3.6500000000000004
[-4295829, 4295850] 1.0
[-4295837, 4295842] 109.0
[-4295837, 4295845] 20.0
[-4295826] 18.0
[-4295837, 4295844] 66.0
[-4295829] 43.400000000000006
[-4295837, 4295847] 19.35
[-4295837, 4295846] 1.0
[-4295829, 4295859] 21.950000000000003
[-4295837, 4295851] 2.0
[-4295829, 4295858] 1.0
[-4295837, 4295853] 16.400000000000002
[-4295837, 4295852] 9.700000000000001
[-4295837] 929.0
[-4295837, 4295855] 4.0
[-4295837, 4295854] 16.0
[-4295837, 4295857] 6.0
[-4295839] 1.0
[4295827, -4295839] 1.0
[-4295840, 4295855] 74.0
[-4295840, 4295858] 91.0
[-4295840, 4295857] 23.0
[-4295840, 4295860] 0.4
[-4295840, 4295859] 8.0
[-4295839, 4295828] 1.0
[-4295840, 4295862] 3.0
[-4295840, 4295861] 12.0
[-4295839, 4295837] 1.0
[4295829, 4295856] 2.0
[4295829, 4295859] 0.1
[-4295839, 4295839] 1.0
[4295829, 4295829] 4.0
[-4295840, 4295839] 17.35
[4295829, 4295831] 1.0
[-4295840, 4295842] 108.0
[-4295840, 4295841] 9.0
[-4295840, 4295844] 30.0
[4295827, -4295827] 1.0
[4295827, -4295829] 13.0
[-4295840, 4295845] 11.0
[4295829, 4295836] 3.0
[-4295840, 4295847] 57.0
[-4295840, 4295852] 22.0
[-4295840, 4295851] 2.0
[-4295840, 4295854] 30.0
[-4295840, 4295853] 150.0
[-4295840, -4295861] 14.0
[4295829, 4295827] 16.0
[4295827, 4295859] 2.0
[-4295839, 4295840] 1.0
[-4295840, -4295845] 13.0
[-4295840, -4295844] 31.0
[-4295839, 4295851] 1.0
[-4295840, -4295857] 19.0
[4295829, -4295837] 27.450000000000003
[4295829, -4295840] 13.75
[4295829, -4295839] 2.0
[-4295850, 4295850] 10.4
[4295829, -4295841] 90.0
[4295829, -4295850] 158.0
[-4295826, 4295853] 1.0
[-4295826, 4295855] 16.0
[4295859] 1.0
[4295829, -4295826] 1.0
[-4295826, 4295860] 0.2
[-4295826, 4295859] 12.0
[4295829, -4295827] 1.0
[4295829, -4295829] 665.45
[4295829, -4295833] 1.0
[-4295860, -4295845] 7.0
[-4295860, -4295844] 11.0
[-4295826, -4295844] 1.0
[-4295840, 4295826] 1.0
[-4295840, 4295828] 45.0
[-4295840, 4295827] 1.0
[-4295840, 4295830] 10.0
[-4295840, 4295832] 139.0
[-4295840, 4295834] 13.05
[-4295840, 4295837] 18.150000000000002
[4295829, -4295860] 1296.0
[-4295829, -4295847] 27.3
[-4295840] 24.200000000000003
[-4295829, -4295850] 1.0
[-4295860, 4295837] 4.6000000000000005
[-4295837, -4295857] 27.0
[-4295860, 4295840] 0.15000000000000002
[-4295829, -4295852] 9.950000000000001
[-4295860, 4295839] 27.0
[-4295829, -4295854] 9.200000000000001
[-4295860, 4295841] 2.0
[-4295829, -4295853] 2.0
[-4295860, 4295844] 11.0
[-4295829, -4295855] 305.0
[-4295860, 4295845] 1.0
[-4295850] 5.0
[-4295829, -4295860] 30.0
[-4295860, 4295847] 11.0
[-4295837, -4295839] 1.0
[-4295829, -4295834] 19.0
[-4295829, -4295833] 74.0
[-4295829, -4295836] 2.0
[-4295837, -4295844] 68.0
[-4295860] 147.0
[-4295860, 4295826] 4.0
[-4295829, -4295837] 103.0
[-4295837, -4295845] 12.0
[-4295860, 4295828] 38.0
[-4295829, -4295840] 9.35
[-4295829, -4295839] 92.0
[-4295829, -4295842] 1.0
[-4295860, 4295834] 14.0
[-4295826, 4295837] 6.0
[-4295826, 4295839] 1.0
[-4295826, 4295844] 1.0
[-4295829, -4295826] 8.0
[-4295826, 4295847] 4.0
[-4295829, -4295827] 51.0
[-4295826, 4295851] 2.0
[-4295829, -4295829] 22.450000000000003
[-4295860, 4295851] 2.0
[-4295860, 4295854] 5.0
[4295827] 13.0
[-4295860, 4295853] 2.0
[-4295826, 4295826] 1.0
[-4295860, 4295855] 3.25
[4295829] 2.0
[-4295826, 4295828] 5.0
[-4295860, 4295858] 29.0
[-4295860, 4295860] 1.05
[-4295860, 4295859] 51.0
[-4295860, 4295861] 3.0
