[]
[618687, 1923530, 1555840, 1088519, 560996, 1838209, 626183, 537479]
[1708970, 1144266]
[] 1.0
[-3480845, 3480857] 4.0
[3480849, 3480913] 1.0
[3480876, 3480844] 1.0
[3480844, 3481195] 0.2
[3480849, -3480851] 1.0
[3480849] 0.05
[3480849, -3480849] 2.45
[3480844, -3480961] 1.25
[3480849, -3480871] 2.5500000000000003
[3480844, -3480844] 7438.0
[3480849, -3480869] 1.0
[3480849, -3480870] 2.5500000000000003
[3480848, 3480831] 1.0
[3480844, 3480961] 0.25
[-3480848, 3480831] 1.0
[3480849, 3480811] 2.0
[3480849, 3480809] 2.0
[3480848] 1.0
[-3480848, 3480844] 1.0
[-3480845, 3480876] 6.0
[-3480848, 3480841] 1.0
[-3480848, -3480848] 1.0
[-3480876, -3480876] 1.0
[3480844] 1.0
[3480849, 3480881] 2.0
[3480849, -3480881] 1.0
[-3480876, 3480831] 1.0
[-3480845, 3480895] 4.0
[3480844, 3480925] 0.4
[3480844, -3480870] 1.0
[3480876, 3480831] 1.0
[3480844, -3480871] 1.0
[-3480876, 3480849] 0.05
[-3480876] 1.0
[-3480848, 3480876] 1.0
[3480848, -3480876] 1.0
[3480876, -3480848] 1.0
[3480876, 3480841] 1.0
[3480844, -3480881] 3.0
[3480844, -3480878] 0.30000000000000004
[-3480845, -3480848] 9.0
[-3480848] 1.0
[3480849, -3480913] 3.0
[3480844, -3481288] 2.0
[3480849, 3480869] 1.0
[3480844, -3481287] 1.0
[3480849, 3480875] 2.0
[-3480845] 14.0
[3480849, -3480941] 0.05
[-3480845, -3480876] 7.0
[3480844, 3481287] 0.25
[3480848, 3480849] 0.05
[3480844, -3480925] 1.0
[3480876, 3480876] 1.0
[3480849, -3481088] 1.0
[-3480845, 3480841] 2.0
[3480849, -3480838] 0.2
[3480844, -3481195] 0.25
[3480849, -3480835] 0.45
[-3480845, 3480836] 2.0
[3480849, -3480836] 0.75
[-3480845, 3480834] 0.35000000000000003
[3480849, -3480834] 1.05
[-3480845, 3480848] 7.0
[-3480845, 3480849] 0.1
[3480849, -3480974] 1.0
[3480849, -3480843] 43.0
[-3480845, 3480844] 0.2
[-3480845, 3480845] 1.0
[3480876] 1.0
[-3480845, 3480842] 0.15000000000000002
[3480849, -3480842] 43.0
[-3480845, 3480843] 0.15000000000000002
