[]
[1516295, 1062307, 307328, 1582415, 1917460, 629763, 1478652, 1596388, 546069]
[1191805]
[] 1.0
[-3480884, -3480856] 1.0
[3480819, -3480819] 22.400000000000002
[-3480918, -3480824] 1.0
[-3480813, -3481013] 2.0
[-3480884, -3480859] 11.0
[-3480813, -3481012] 1.0
[-3480813, -3481011] 1.0
[-3480934, 3480935] 1.0
[-3480884, -3480862] 2.2
[-3480934, 3480934] 0.05
[-3480884, -3480867] 2.0
[3480819, -3480824] 1.0
[-3480884, 3480929] 3.0
[-3480884, 3480930] 3.0
[-3480918, -3480846] 0.30000000000000004
[-3480884, -3480881] 0.55
[3480819, -3480846] 0.30000000000000004
[-3480884, -3480879] 10.0
[-3481046, -3480976] 1.0
[-3480884, -3480824] 1.0
[3480819, -3480862] 2.2
[3480819, -3480859] 11.0
[3480819, 3480929] 3.0
[3480819, -3480856] 1.0
[-3480918, -3480811] 2.0
[-3481018, 3481019] 2.0
[-3480918, -3480810] 0.55
[-3480918, -3480809] 5.300000000000001
[3480819, -3480867] 2.0
[3480819, 3480930] 3.0
[-3481018, 3481018] 1.0
[-3480934, 3480971] 1.0
[-3480918, -3480813] 85.0
[-3480918, -3480812] 0.65
[-3480918, -3480819] 22.450000000000003
[-3480884, -3480846] 0.30000000000000004
[-3480809, -3481123] 4.0
[-3480813, 3480813] 0.15000000000000002
[-3480884, 3480850] 0.15000000000000002
[-3480918, -3480894] 7.0
[-3480918, -3480896] 1.0
[-3480884, -3480933] 1.0
[-3480918, 3480881] 2.0
[-3480884, -3480931] 6.0
[-3480918, 3480896] 2.0
[-3480884, -3480934] 1.0
[-3480859, -3481211] 1.0
[-3480918, -3480916] 7.0
[-3480918, -3480859] 11.0
[-3480884, 3480881] 2.0
[-3480918, -3480856] 1.0
[-3480813, -3481046] 0.1
[-3480918, -3480862] 2.2
[-3480918, -3480867] 2.0
[-3480884, -3480896] 1.0
[-3480884, -3480894] 7.0
[-3480813, -3481058] 1.0
[-3480884, 3480896] 2.0
[-3480918, -3480879] 10.0
[3480819, -3480813] 85.0
[-3480918, -3480881] 0.55
[3480819, -3480811] 2.0
[3480819, -3480812] 0.65
[3480819, -3480809] 5.2
[3480819, -3480810] 0.55
[-3480884, -3480916] 7.0
[-3480918, 3480929] 3.0
[-3480918, 3480930] 3.0
[-3481018, -3480856] 2.0
[-3480918, 3480813] 1.0
[-3481024, 3481023] 2.0
[-3481024, 3481024] 5.0
[3480823, -3480823] 10.600000000000001
[-3480918, 3480819] 0.05
[-3480813, -3480894] 1.0
[-3480859, -3481002] 1.0
[-3480859, -3481011] 1.0
[-3480859, 3481044] 3.0
[-3480934, 3480821] 1.0
[-3480859, -3481013] 2.0
[-3480934, 3480831] 1.0
[-3480884, 3480813] 1.0
[-3481024, -3480968] 1.0
[-3481046, -3480807] 2.2
[-3480811, 3481119] 1.0
[-3480884, 3480819] 0.05
[-3480918, 3480850] 0.15000000000000002
[-3480918, -3481198] 1.0
[-3480809, -3481071] 1.0
[-3480859] 9.0
[-3481024, 3480968] 4.0
[-3480884, -3480809] 5.2
[-3481101, 3480809] 0.15000000000000002
[-3480884, -3480813] 85.0
[-3480884, -3480812] 0.65
[-3480884, -3480811] 2.0
[-3480884, -3480810] 0.55
[-3480884, -3480819] 22.400000000000002
[3480819, 3480850] 0.15000000000000002
[-3481024, -3481037] 1.0
[-3480824] 21.0
[-3480859, -3481044] 1.0
[-3480813] 19.0
[3480819, -3481198] 1.0
[-3481101, 3480846] 2.0
[3480819, 3480881] 2.0
[-3480809] 2.15
[-3480811, 3481070] 0.05
[-3480811] 1.0
[-3480918] 0.8
[-3480813, 3481012] 1.0
[-3480884, -3481115] 1.0
[-3480809, 3480899] 1.0
[-3480884, 3481171] 1.0
[-3480824, 3480867] 1.0
[-3480859, 3480924] 5.0
[3480821] 1.0
[-3480884] 0.75
[-3480809, 3480925] 3.0
[3480819, 3481171] 1.0
[3480823] 1.0
[-3480809, -3480843] 2.0
[-3480809, -3480849] 15.0
[3480819] 0.05
[3480819, -3481115] 1.0
[-3480894] 5.0
[-3480894, 3481013] 1.0
[-3480918, -3481070] 1.0
[-3480809, -3480870] 1.0
[-3480809, -3480871] 1.0
[3480819, -3481011] 2.0
[-3481024, 3480831] 2.0
[-3480809, 3480822] 2.0
[3480819, -3481018] 4.0
[3480923] 1.0
[-3480809, 3480844] 3.0
[-3481024, 3480854] 2.0
[-3480859, 3480859] 3.0
[3480819, -3481027] 3.0
[-3480918, 3481147] 2.0
[3480819, -3481024] 3.0
[-3480813, 3480976] 0.05
[3480819, -3481038] 0.4
[-3480884, -3481198] 1.0
[-3480813, 3480972] 3.0
[-3481024, 3480856] 2.0
[-3480918, -3481115] 1.0
[-3480809, 3480860] 1.0
[3480819, -3481046] 0.5
[-3480859, -3480894] 1.0
[-3480809, 3480869] 1.0
[-3480824, 3480819] 0.05
[-3481046, 3481046] 0.15000000000000002
[-3480918, 3481171] 1.0
[-3480934] 1.0
[-3480809, 3480872] 1.0
[-3480824, 3480823] 1.0
[-3480884, 3481147] 1.0
[-3480809, 3480870] 2.0
[-3480809, 3480871] 2.0
[3480819, -3481070] 1.0
[-3480809, 3480880] 1.0
[-3481046] 0.4
[-3480811, 3480821] 1.0
[-3480918, -3480962] 1.0
[-3480824, -3480809] 2.0
[3480819, -3480962] 1.0
[-3481024] 4.0
[-3480884, -3481002] 35.550000000000004
[-3480918, -3480979] 0.5
[-3480884, -3481006] 1.0
[-3480811, 3480846] 2.0
[-3480884, -3481011] 2.0
[3480819, -3480979] 0.5
[-3480918, -3480931] 6.0
[-3480859, 3480819] 0.05
[-3480918, -3480934] 1.0
[-3480918, -3480933] 1.0
[-3480884, -3480962] 1.0
[-3480894, 3480874] 1.0
[-3481018] 1.0
[-3480809, 3480812] 0.05
[-3480809, 3480810] 0.05
[-3480813, 3480935] 1.0
[-3480809, 3480808] 6.0
[-3480809, 3480809] 0.15000000000000002
[-3480859, 3481332] 1.0
[-3480859, 3480821] 5.0
[-3480813, 3480931] 0.30000000000000004
[-3480809, 3480807] 0.8500000000000001
[-3480894, 3480895] 1.0
[-3480809, 3480820] 1.0
[3480819, -3481006] 1.0
[-3480809, 3480821] 2.0
[-3480894, 3480894] 0.1
[-3480809, 3480819] 0.05
[3480819, -3481002] 35.550000000000004
[-3480859, 3480831] 3.0
[-3480884, -3480979] 0.5
[-3480918, -3481018] 12.0
[-3481046, 3480880] 1.0
[-3480824, -3480859] 1.0
[-3480884, -3481046] 0.5
[3480819, -3480881] 0.55
[-3480813, 3480821] 5.0
[3480819, -3480879] 10.0
[-3480813, 3480819] 0.05
[-3480918, -3481027] 3.0
[3480819, -3480894] 7.0
[3480819, 3481147] 1.0
[-3480918, -3481024] 3.0
[-3480813, 3480831] 1.0
[-3480809, -3480834] 1.0
[-3480918, -3481038] 0.4
[3480819, -3480896] 1.0
[-3481101] 1.0
[-3480884, -3481070] 1.0
[-3480809, -3480835] 2.0
[-3480809, -3480842] 2.0
[-3480918, -3481046] 0.5
[-3480859, -3480827] 3.0
[-3480809, -3480841] 1.0
[3480819, -3480916] 7.0
[-3480884, -3481018] 4.0
[-3480884, -3481024] 3.0
[-3480884, -3481027] 3.0
[3480819, -3480933] 1.0
[-3480918, -3481002] 35.550000000000004
[3480819, -3480934] 1.0
[-3480811, 3480811] 0.05
[3480819, -3480931] 6.0
[-3480894, 3480821] 4.0
[-3480811, 3480809] 2.0
[-3480918, -3481006] 1.0
[-3480859, 3481268] 0.1
[-3480918, -3481011] 2.0
[-3480894, 3480831] 1.0
[-3481101, 3481102] 1.0
[-3480884, -3481038] 0.4
