[]
[790924, 2782958, 2128324, 2878541, 212635, 282191, 1374264, 573812, 2832454]
[528320]
[-3480834, 3480835] 39.0
[] 1.0
[-3480834, 3480836] 0.1
[-3480835, -3480839] 0.1
[-3480834, 3480834] 1.0
[-3480838, 3480837] 0.1
[-3480838, 3480838] 0.45
[-3480838, 3480835] 59.0
[-3480838, 3480836] 0.15000000000000002
[-3480834, 3480837] 0.1
[-3480838, 3480834] 1.0
[-3480834, 3480851] 0.15000000000000002
[-3480835, 3480819] 0.05
[-3480835, 3480944] 0.1
[-3480838] 1.1
[-3480834, 3480850] 0.05
[-3480835] 0.8
[-3480834] 0.9500000000000001
[-3480838, 3480851] 0.30000000000000004
[-3480838, 3480915] 1.0
[-3480838, 3480850] 0.05
[-3480835, 3480834] 0.55
[-3480835, 3480835] 3.6
[-3480838, -3480845] 1.0
[-3480834, -3480845] 1.0
[-3480835, 3480838] 0.45
[-3480834, 3480819] 0.05
[-3480835, 3480850] 0.05
[-3480838, 3480944] 0.1
[-3480835, 3480851] 0.30000000000000004
[-3480834, 3480944] 0.1
[-3480838, 3480819] 0.05
