[]
[792444, 2648830, 1576366, 846843, 2366883, 1314623, 1440777, 1582903, 2127167]
[1836438]
[] 1.0
[3480809, -3481024] 3.0
[-3480838, 3481021] 1.0
[3480809, -3481022] 3.0
[3480846, -3480886] 30.0
[3480846, -3480887] 1.0
[3480846, 3480881] 4.0
[3480809, -3481018] 1.0
[-3480835, 3480938] 1.0
[3480846, -3480894] 8.0
[-3480834, 3480915] 3.0
[3480809, -3481040] 2.0
[3480846, -3480903] 2.0
[3480846] 1.0
[3480809, -3481045] 1.0
[3480809, -3481046] 2.0
[3480809, -3481042] 2.0
[3480809, -3481063] 1.0
[3480809, -3481319] 2.0
[3480846, -3480931] 2.0
[-3480839, 3480836] 1.0
[-3480839, 3480834] 1.0
[-3480839, 3480835] 4.0
[3480809, -3480813] 8.35
[3480846, -3480934] 2.0
[3480809, -3480811] 0.8
[-3480834, 3480944] 1.0
[3480846, -3480932] 1.0
[3480809, -3480809] 20.85
[3480809, -3480824] 1.0
[-3480838, 3480819] 1.0
[3480809, -3480819] 23.0
[-3480839, 3480851] 1.0
[3480809] 2.0
[3480809, -3481076] 1.0
[-3480834, 3480835] 15.0
[-3480834, 3480836] 1.0
[3480846, -3480824] 5.0
[3480809, -3480957] 1.0
[-3480834, 3480834] 4.0
[3480809, 3480819] 1.0
[3480846, -3480833] 0.8
[-3480834, 3480837] 3.0
[3480846, -3480828] 20.0
[-3480834, 3480838] 3.0
[3480809, -3480962] 1.0
[-3480834, 3480851] 3.0
[3480809, -3481238] 1.0
[3480846, -3480846] 5.2
[3480809, -3480978] 1.0
[3480846, -3480859] 4.0
[3480846, -3481115] 1.0
[3480846, -3480857] 24.0
[-3480835, 3480895] 1.0
[3480846, -3480853] 12.0
[3480846, -3480867] 13.0
[3480846, -3480862] 9.0
[3480846, -3480860] 19.0
[-3480838, 3481004] 2.0
[3480809, -3481002] 14.0
[3480846, -3480883] 13.0
[3480846, -3480881] 13.0
[3480846, -3480879] 5.0
[-3480838, 3480895] 2.0
[3480846, -3481018] 7.0
[3480809, -3480894] 12.0
[-3480838, -3480876] 1.0
[3480809, -3480903] 1.6
[3480809, 3480881] 5.0
[3480809, -3480902] 4.0
[3480846, -3481022] 1.0
[-3480838, 3480915] 7.0
[3480809, -3480916] 5.0
[-3480839, 3480944] 1.0
[-3480835, 3480835] 7.0
[3480846, -3481045] 1.0
[-3480838, -3480848] 1.0
[3480809, -3480934] 5.0
[3480809, -3480931] 6.0
[3480809, -3480932] 3.0
[-3480835, 3480836] 1.0
[3480846, -3480810] 1.0
[-3480838, 3480944] 5.0
[3480846, -3480811] 0.75
[-3480838, 3480941] 1.0
[3480846, -3480809] 12.600000000000001
[-3480838, 3480939] 2.0
[3480846, -3480819] 5.75
[3480846, -3480812] 1.0
[3480846, -3480813] 6.800000000000001
[3480846, -3481208] 0.05
[3480846, 3480813] 1.0
[3480846, -3481207] 3.0
[3480846, 3480819] 1.0
[3480809, -3480828] 4.0
[-3480838, 3480839] 4.0
[3480846, -3480962] 1.0
[-3480838, 3480837] 12.0
[-3480838, 3480838] 1.0
[-3480838, 3480835] 96.0
[-3480838, 3480836] 11.0
[3480846, -3481212] 25.0
[-3480838, 3480834] 14.0
[-3480838, 3480848] 1.0
[-3480839] 1.0
[-3480838] 1.6
[3480809, -3480846] 9.15
[-3480838, 3480844] 1.0
[-3480835] 2.0
[-3480834] 0.4
[3480809, -3480853] 2.0
[-3480838, 3480851] 16.0
[-3480838, 3480852] 4.0
[-3480838, 3480850] 1.0
[-3480838, 3480863] 1.0
[3480809, -3480862] 2.9000000000000004
[3480809, -3480859] 12.0
[3480809, -3480860] 18.0
[3480809, -3480857] 1.0
[3480809, -3481383] 1.0
[3480809, -3480867] 5.0
[3480846, -3481002] 2.0
[3480809, -3480879] 5.0
[-3480838, 3480876] 1.0
[3480809, -3480887] 1.0
[3480846, -3481006] 1.75
[3480809, -3481139] 3.0
[3480809, -3480883] 6.050000000000001
[-3480839, 3480915] 2.0
[3480809, -3480881] 15.0
