[]
[833598, 16340, 91831, 763548, 560575, 2091814, 565297, 1582867, 2715783]
[890667]
[] 1.0
[3480819, -3480822] 12.0
[-3480883, 3480883] 1.0
[3480819, -3480819] 5.440750000000001
[3480819, -3480818] 1.0
[3480819, -3480828] 24.0
[-3481002, 3481003] 3.0
[-3481002, 3481002] 2.0
[-3480828, -3481076] 0.1
[3480819, -3480831] 2.0
[3480819, -3480846] 7.322500000000002
[3480819, -3480844] 1.0
[3480819, -3480853] 7.5
[-3480916, 3480914] 4.0
[-3480828, -3481024] 2.0
[-3480828, -3481022] 1.0
[-3480813, -3480982] 20.0
[3480819, -3480850] 13.950000000000001
[3480819, 3480918] 0.05
[-3480828, -3481026] 3.0
[-3480828, -3481033] 0.05
[3480819, -3480862] 22.700000000000003
[3480819, -3480859] 6.45
[3480819, -3480860] 1.3475000000000001
[3480819, -3480857] 14.100000000000001
[3480819, 3480929] 1.0
[3480819, -3480855] 21.0
[3480819, -3480856] 8.0
[-3480916, 3480916] 1.1500000000000001
[-3480828, -3481041] 1.0
[3480819, -3480867] 4.0
[-3480828, -3481039] 1.0
[3480819, 3480930] 4.0
[3480819, -3481378] 1.0
[3480819, -3480864] 5.0
[-3480828, -3481046] 6.0
[3480819, -3481386] 1.0
[-3480828, -3481052] 9.0
[-3480813, 3480813] 0.55
[-3480846, 3480809] 4.0
[-3480828, -3481050] 1.0
[-3480809, 3481199] 0.4
[-3480883, 3480819] 1.0
[3480819, -3481266] 25.0
[-3480883, 3480821] 1.0
[3480819, -3481285] 0.9500000000000001
[3480819, -3481283] 1.25
[3480819, -3481284] 1.1
[-3480916, 3480850] 0.35000000000000003
[-3480809, 3481111] 2.0
[-3480883, 3480859] 0.1
[3480819, -3481311] 0.6000000000000001
[3480819, -3481312] 0.7000000000000001
[3480819, -3480813] 4.565
[3480819, -3480811] 0.8400000000000001
[3480819, -3481323] 1.0
[3480819, -3480812] 0.5745000000000001
[3480819, -3480809] 1.0365000000000002
[3480819, -3480810] 0.13975
[-3480828, -3480927] 15.0
[3480819, -3481204] 1.0
[3480819, -3481199] 2.0
[-3480828, -3480934] 2.0
[3480819, -3481209] 1.0
[3480819, -3481207] 17.0
[-3480828, -3480945] 3.0
[3480819, -3481227] 3.0
[3480819, -3481228] 1.0
[-3480846, -3480910] 1.0
[-3480828, 3481116] 3.0
[3480819, -3481238] 0.15000000000000002
[-3480824, -3481018] 0.4
[-3480828, -3480894] 3.0
[-3480828, -3480903] 3.0
[-3481046, -3480807] 4.0
[3480819, -3481249] 2.0
[-3480828, -3480918] 1.0
[-3480828, -3480924] 4.0
[-3480809, -3480999] 0.15000000000000002
[3480819, 3480884] 1.0
[3480819, -3481139] 9.0
[-3480977, 3481041] 0.15000000000000002
[-3480977, 3481039] 0.15000000000000002
[-3480828, 3481041] 0.15000000000000002
[-3480828, 3481039] 0.15000000000000002
[-3480857] 1.0
[-3480859] 1.0
[-3480824, 3480923] 3.0
[-3480824, 3480924] 9.0
[-3480828, -3481014] 1.0
[-3480846] 2.0
[-3480828, 3481052] 15.0
[-3480828, -3481018] 0.5
[3480819, 3480850] 0.05
[-3480828] 1.8550000000000002
[-3480824] 6.0
[-3481076, 3481075] 1.0
[-3481076, 3481076] 2.0
[-3480824, 3480965] 1.0
[-3480813] 15.0
[3480819, 3480881] 2.0
[-3480809] 8.0
[-3480857, 3480844] 1.0
[-3480916] 5.0
[-3480977, 3480979] 1.0
[3480819, -3481076] 3.25
[-3480857, 3480841] 1.0
[-3480824, -3480927] 5.15
[-3480828, -3480809] 7.65
[-3480828, -3480813] 25.0
[3480819, -3481082] 2.0
[-3480857, 3480849] 1.0
[-3480828, -3480811] 2.0
[3480819, -3481093] 3.0
[-3480813, 3481033] 2.0
[-3480857, 3480857] 2.0
[-3480828, 3480979] 1.0
[-3480828, -3480818] 1.0
[3480819, -3481101] 10.0
[-3480809, 3480913] 1.0
[3480819, 3481171] 1.0
[-3480809, -3480843] 0.35000000000000003
[3480819, -3481105] 1.0
[-3480809, -3480849] 5.0
[3480819, -3481103] 2.0
[-3480883] 2.0
[-3480824, -3480894] 1.0
[3480819] 1.0
[3480819, -3481104] 8.0
[3480819, -3481115] 3.0
[-3480828, 3481026] 3.0
[3480819, -3481014] 1.0
[-3480828, -3480864] 1.0
[3480819, -3481011] 7.0
[-3480809, 3480826] 3.0
[-3481076, 3480912] 1.0
[-3480828, -3480862] 1.0
[-3480977] 1.0
[-3480809, 3480822] 5.0
[3480819, -3481022] 2.0
[3480819, -3481018] 16.05
[-3480828, -3480881] 1.0
[-3480809, 3480844] 3.0
[-3480859, 3480859] 3.0
[3480819, -3481027] 2.0
[-3480824, -3481002] 1.0
[-3480809, 3480841] 1.0
[3480819, -3481024] 1.7000000000000002
[3480819, -3481038] 0.2
[-3480828, 3480927] 0.65
[-3480828, -3480887] 0.15000000000000002
[3480819, -3481033] 4.0
[3480819, -3481031] 1.0
[-3480809, 3480846] 0.25
[3480819, -3481045] 2.0
[-3480809, -3480910] 1.0
[3480819, -3481046] 18.0
[3480819, -3481042] 1.0
[3480819, -3481040] 1.0
[-3480809, 3480855] 2.0
[-3480824, 3480819] 1.0
[3480819, -3481051] 3.0
[-3481046, 3481046] 1.0
[-3480809, 3480864] 2.0
[3480819, -3481050] 1.0
[-3480828, -3480846] 2.3000000000000003
[-3480828, -3480853] 0.05
[-3480824, 3480823] 2.0
[3480819, -3481055] 2.0
[-3480809, 3480870] 3.0
[-3480824, 3480824] 4.0
[-3480809, 3480871] 3.0
[-3480828, -3480857] 3.0
[3480819, -3481070] 6.800000000000001
[3480819, -3481067] 2.0
[-3480828, -3480860] 4.0
[3480819, -3481063] 5.0
[-3480828, -3480859] 0.6000000000000001
[-3481046] 1.0
[3480819, -3480945] 4.0
[-3480824, -3480809] 2.2
[3480819, -3480953] 10.0
[-3480824, -3480813] 14.0
[3480819, -3480963] 1.0
[3480819, -3480962] 4.0
[-3480824, -3480819] 1.0
[-3480828, -3481207] 1.0
[-3480916, 3481027] 1.0
[3480819, -3480979] 25.85
[-3480813, 3480919] 0.15000000000000002
[-3480828, 3480881] 2.0
[-3480813, 3480922] 3.0
[3480819, -3480984] 1.0
[3480819, -3480997] 1.0
[-3480809, 3480812] 1.0
[-3480809, 3480809] 0.45
[-3480828, 3480883] 1.0
[3480819, -3481006] 2.3000000000000003
[-3480809, 3480821] 1.0
[3480819, -3481002] 2.7
[-3481002] 1.0
[-3480813, 3480824] 1.0
[-3480824, -3480860] 1.0
[-3480824, -3480859] 2.0
[3480819, -3480883] 8.0
[-3480809, 3481211] 1.0
[3480819, -3480881] 1.0625
[3480819, -3480879] 2.85
[3480819, -3481391] 1.0
[-3480824, -3480862] 1.0
[3480819, -3480894] 7.7
[3480819, 3481147] 3.0
[-3480813, 3480831] 3.0
[3480819, -3480887] 2.3150000000000004
[-3480846, 3480826] 2.0
[3480819, -3480902] 4.0
[-3480809, 3481226] 1.0
[-3480809, -3480834] 2.0
[3480819, -3480895] 2.0
[-3480809, -3480831] 1.0
[-3480824, -3480883] 2.0
[-3480846, 3480846] 4.0
[-3480809, -3480842] 0.35000000000000003
[3480819, -3480906] 1.0
[3480819, -3480903] 4.0
[-3480824, -3480828] 3.0
[-3481076] 0.05
[-3480977, 3480819] 1.0
[3480819, -3480916] 3.95
[-3480824, -3480830] 1.4400000000000002
[3480819, -3480926] 2.0
[3480819, -3480922] 1.0
[3480819, -3481434] 1.0
[3480819, -3480919] 2.0
[3480819, -3480933] 1.0550000000000002
[3480819, -3480934] 1.75
[3480819, -3480931] 0.24000000000000005
[3480819, -3480932] 3.1500000000000004
[-3480828, 3480821] 6.0
[-3480828, 3480819] 1.0
[-3480824, -3480846] 11.0
[3480819, -3480942] 1.0
[-3480846, -3481194] 1.0
[-3480828, 3480830] 5.0
[3480819, -3480935] 1.0
[-3480813, 3480874] 2.0
