[]
[146162, 4163854, 1224656, 572011, 1471442, 3855181, 479437, 1758916, 1340651]
[682530]
[4295844, 4295828] 0.05
[] 0.05
[4295844, 4295837] 0.05
[4295840, -4295829] 1.875000000000001E-6
[-4295861, 4295837] 2.5000000000000008E-5
[-4295861, 4295839] 2.5000000000000008E-5
[-4295844, 4295828] 0.05
[4295840, -4295837] 3.750000000000001E-4
[-4295861, 4295844] 0.05
[4295840, -4295840] 2.1875000000000002E-6
[-4295861, 4295828] 0.005000000000000001
[4295854, 4295839] 2.8125000000000006E-7
[4295837, 4295859] 0.05
[-4295857, 4295855] 0.05
[-4295857, 4295857] 4.062500000000001E-7
[-4295857, -4295861] 0.05
[-4295857, 4295858] 0.05
[4295854, 4295827] 1.5625000000000005E-6
[4295828, -4295860] 3.0800781250000024E-10
[4295854, 4295829] 2.500000000000001E-6
[4295861, -4295861] 0.05
[4295828, 4295843] 1.4062500000000003E-7
[4295828, 4295848] 0.005000000000000001
[4295851, -4295851] 3.938944339752203E-23
[4295861, 4295851] 0.05
[4295828, 4295849] 1.875000000000001E-6
[4295837, 4295829] 2.5000000000000008E-5
[4295828, 4295856] 2.5000000000000008E-5
[-4295857, -4295857] 3.125000000000001E-6
[4295861, 4295828] 0.05
[4295828, 4295827] 3.2812500000000014E-7
[4295844, 4295845] 0.05
[4295828, 4295829] 0.05
[4295828, 4295831] 3.437500000000001E-7
[4295828, 4295836] 1.9421875000000006E-6
[4295844, 4295851] 0.05
[4295828, 4295835] 1.5625000000000005E-6
[4295828, 4295838] 3.125000000000001E-6
[4295837, -4295829] 1.570312500000001E-7
[4295844] 0.005000000000000001
[4295854, -4295847] 0.005000000000000001
[4295840, 4295829] 3.750000000000001E-4
[4295837, -4295837] 2.968750000000001E-7
[4295854, -4295855] 6.533813476562507E-17
[4295837, -4295840] 1.5156250000000006E-6
[4295851] 0.05
[4295854, -4295854] 2.0937500000000008E-8
[4295854] 2.5000000000000008E-5
[4295855] 3.750000000000001E-4
[4295857] 0.05
[4295855, 4295859] 0.005000000000000001
[4295861] 0.05
[4295837, -4295826] 0.05
[4295855, 4295839] 0.05
[4295828, -4295839] 3.750000000000001E-4
[4295828, -4295838] 2.9296875000000025E-14
[4295828, -4295841] 5.427734375000003E-9
[-4295857, 4295840] 0.05
[4295828, -4295840] 5.273437500000001E-7
[4295828, -4295843] 1.4062500000000003E-7
[-4295857, 4295851] 0.05
[4295828, -4295850] 1.4453125000000005E-7
[4295855, 4295827] 2.1875000000000002E-6
[4295828, -4295827] 2.0312500000000004E-7
[4295837, -4295850] 0.005000000000000001
[4295828, -4295826] 1.875000000000001E-6
[4295855, 4295829] 1.5625000000000005E-6
[4295828, -4295829] 1.6773223876953141E-21
[4295854, 4295859] 0.005000000000000001
[-4295857, 4295828] 3.750000000000001E-4
[4295828, -4295828] 1.9226884841918965E-22
[4295828, -4295833] 0.05
[4295837, -4295856] 2.1875000000000002E-6
[-4295857, 4295837] 0.05
[4295828, -4295837] 4.5917968750000027E-10
[4295837, -4295860] 5.312500000000002E-7
[-4295844, 4295851] 0.05
[-4295844] 0.005000000000000001
[4295839, -4295839] 3.750000000000001E-4
[-4295857] 0.05
[-4295861, 4295851] 0.005000000000000001
[4295857, -4295857] 0.005000000000000001
[-4295844, 4295837] 0.05
[-4295861] 1.875000000000001E-6
[-4295861, 4295855] 2.5000000000000008E-5
[-4295861, 4295854] 1.5625000000000005E-6
[-4295861, 4295859] 0.005000000000000001
[-4295861, 4295861] 0.005000000000000001
[-4295844, 4295845] 0.05
[-4295861, 4295860] 0.005000000000000001
[4295857, 4295840] 0.05
[4295840, 4295859] 0.05
[4295855, -4295847] 3.125000000000001E-6
[4295855, -4295852] 3.750000000000001E-4
[4295855, -4295854] 1.0265625000000002E-5
[4295857, 4295851] 0.05
[4295855, -4295855] 6.835937500000001E-8
[4295857, 4295855] 0.05
[4295857, 4295854] 0.05
[-4295861, -4295861] 2.343750000000001E-7
[4295828] 0.1
[4295857, 4295828] 0.05
[-4295861, -4295844] 0.05
[4295837] 0.05
[4295840] 0.05
[4295839] 3.750000000000001E-4
