[]
[4242944, 2450726, 1120661, 5716, 242692, 1204283, 499422, 422492, 1507672]
[4209842]
[] 1.0
[4295837, -4295829] 42.75
[4295837, -4295837] 52.85
[4295837, -4295840] 15.950000000000001
[-4295845, 4295828] 1.0
[4295851] 1.0
[4295853] 1.0
[4295834, -4295853] 1.7000000000000002
[4295837, -4295826] 1.0
[4295828, -4295839] 3.0
[-4295845, 4295851] 1.0
[4295828, -4295838] 5.65
[4295828, -4295841] 130.95000000000002
[4295828, -4295840] 29.8
[4295828, -4295843] 0.15000000000000002
[4295839, 4295829] 1.0
[4295853, -4295853] 1.0
[4295828, -4295850] 6.9
[4295828, -4295827] 13.0
[4295837, -4295850] 4.0
[4295853, -4295834] 7.0
[4295828, -4295826] 4.0
[4295828, -4295829] 8652.75
[4295828, -4295828] 19627.8
[4295828, -4295833] 1.0
[-4295845, 4295845] 2.0
[4295828, -4295837] 212.8
[4295837, -4295860] 7.65
[-4295845] 1.0
[4295837, 4295859] 1.0
[4295839, -4295834] 7.0
[4295834, 4295829] 0.25
[4295828, -4295860] 150.5
[4295828, 4295843] 0.15000000000000002
[4295834, -4295832] 12.0
[4295834, -4295834] 8.0
[4295828, 4295848] 1.0
[4295851, -4295851] 82605.65000000001
[4295834, -4295839] 1.05
[4295837, 4295827] 0.65
[4295828, 4295849] 2.0
[4295837, 4295829] 8.0
[4295834, -4295842] 1.4500000000000002
[4295828, 4295856] 1.0
[4295828, 4295827] 21.0
[4295828] 1.0
[4295828, 4295831] 7.0
[4295828, 4295836] 123.4
[4295834] 39.0
[4295853, 4295829] 1.0
[4295828, 4295835] 2.0
[4295828, 4295838] 0.30000000000000004
[4295839, -4295853] 1.0
[4295837] 1.0
[4295839] 1.0
