[]
[2291382, 1570323, 359, 1513883, 284072, 924626, 311577, 1301133, 1276044]
[4254591]
[] 0.05
[4295829, -4295837] 2.0
[4295829, -4295840] 1.1
[-4295837, 4295828] 0.05
[-4295829, -4295856] 0.05
[-4295829, -4295826] 1.0
[-4295829, -4295860] 0.2
[-4295829, -4295827] 1.0
[4295829, 4295859] 0.05
[-4295829, -4295829] 39.0
[-4295837, 4295840] 0.1
[4295829, 4295829] 0.05
[4295829, -4295856] 0.05
[-4295829] 45.0
[4295829] 1.0
[4295829, -4295860] 0.2
[-4295829, -4295837] 2.35
[-4295829, 4295859] 0.1
[-4295829, -4295840] 1.25
[-4295837, 4295851] 0.1
[4295829, -4295829] 26.0
[-4295829, 4295829] 0.45
[-4295837] 0.15000000000000002
[-4295837, 4295855] 1.0
