[]
[328775, 1120661, 52487, 422492, 847926, 276062, 94122, 1510218, 1837602]
[374972]
[4295844, 4295828] 4.0
[] 1.0
[4295844, 4295834] 35.0
[4295844, 4295837] 4.0
[4295844, 4295840] 3.0
[4295844, 4295839] 1.0
[4295834, -4295853] 2.3000000000000003
[4295840, -4295827] 13.0
[4295840, -4295826] 0.2
[4295840, -4295829] 8652.75
[4295840, -4295828] 19627.8
[4295840, -4295833] 1.0
[-4295844, 4295828] 4.0
[4295840, -4295837] 212.8
[4295840, -4295839] 3.0
[4295840, -4295838] 5.65
[4295840, -4295841] 130.95000000000002
[-4295844, 4295834] 35.0
[4295840, -4295840] 29.75
[4295858, -4295858] 16.2
[4295837, 4295859] 2.0
[4295845, 4295844] 1.0
[4295845, 4295851] 1.0
[4295844, -4295845] 1.0
[4295828, -4295860] 213.5
[4295844, -4295844] 5.0
[4295845, 4295828] 3.0
[4295828, 4295843] 0.2
[4295834, -4295832] 28.0
[4295834, -4295834] 7.4
[4295828, 4295848] 1.0
[4295851, -4295851] 82605.65000000001
[4295834, -4295839] 3.1
[4295828, 4295849] 10.0
[4295845, 4295837] 1.0
[4295837, 4295829] 3.0
[4295834, -4295842] 43.0
[4295828, 4295856] 2.0
[4295844, 4295844] 5.0
[4295828, 4295827] 1.3
[4295844, 4295845] 2.0
[4295828, 4295831] 8.0
[4295828, 4295836] 158.4
[4295828, 4295835] 4.0
[4295844, 4295851] 1.0
[4295828, 4295838] 0.55
[4295844, 4295853] 1.0
[4295837, -4295829] 17.1
[4295844] 4.0
[4295840, 4295827] 1.05
[4295845] 1.0
[4295840, 4295831] 7.0
[4295837, -4295837] 40.7
[4295837, -4295840] 8.25
[4295851] 1.0
[4295840, 4295836] 123.4
[4295840, 4295835] 2.0
[4295840, 4295838] 0.30000000000000004
[-4295844, -4295845] 1.0
[-4295844, -4295844] 5.0
[4295858] 1.0
[4295828, -4295839] 3.0
[4295828, -4295838] 6.5
[4295828, -4295841] 148.1
[4295828, -4295840] 50.1
[4295828, -4295843] 0.15000000000000002
[4295828, -4295850] 18.85
[4295828, -4295827] 15.0
[4295837, -4295850] 0.30000000000000004
[4295828, -4295826] 0.30000000000000004
[4295845, -4295844] 1.0
[4295828, -4295829] 10291.7
[4295828, -4295828] 29346.45
[4295845, -4295845] 1.0
[4295828, -4295833] 2.0
[4295837, -4295856] 1.0
[4295828, -4295837] 339.1
[4295837, -4295860] 40.0
[-4295844, 4295851] 1.0
[4295840, -4295860] 150.5
[-4295844, 4295853] 1.0
[-4295844] 4.0
[4295834, 4295829] 2.0
[4295840, -4295843] 0.15000000000000002
[-4295844, 4295837] 4.0
[-4295844, 4295840] 3.0
[-4295844, 4295839] 1.0
[-4295844, 4295844] 5.0
[4295840, -4295850] 6.9
[-4295844, 4295845] 2.0
[4295840, 4295856] 1.0
[4295828] 3.0
[4295840, 4295843] 0.15000000000000002
[4295840, 4295848] 1.0
[4295834] 64.0
[4295840, 4295849] 2.0
[4295837] 1.0
[4295840] 1.0
