[]
[1568070, 2724667, 1318529, 1951467, 1048983, 895317, 1648417, 2687442, 803939]
[2823506]
[] 1.0
[3480819, -3480819] 1.85
[3481021, -3480938] 1.0
[3480838, 3480869] 3.0
[3480852, 3480953] 1.0
[3480938, 3480846] 2.0
[3480837, -3480874] 1.0
[3480852, 3480962] 0.4
[3480936, -3480869] 1.0
[3480852, -3480836] 1.35
[3480938, 3480860] 2.0
[3481021, 3480846] 3.0
[3480852, -3480834] 4.95
[3480852, -3480835] 2.0
[3481021, 3480844] 3.0
[3481004, -3480939] 3.0
[3480938, -3480938] 1.8
[3480938, -3480936] 0.1
[3480936, -3480875] 1.0
[-3480962, -3481021] 1.0
[3481004, 3480874] 1.0
[3480852, -3480838] 0.9500000000000001
[3480852, -3480839] 1.0
[3480938, 3480869] 2.0
[3480852, -3480852] 2.0
[3481004, 3480813] 0.2
[3480835, -3480835] 4.6000000000000005
[3480938, 3480809] 0.15000000000000002
[3480819, -3480850] 1.0
[3480837, 3480874] 1.0
[-3480962, -3480974] 1.0
[3481004, 3480821] 1.0
[3480838, 3480846] 0.2
[-3480962, 3480809] 1.0
[-3480962, -3480972] 1.0
[3481021, 3480809] 3.0
[3480837, -3480901] 1.0
[3480938, 3480821] 2.0
[3480938, -3480974] 1.0
[3480852, -3480869] 3.0
[3480838, 3480855] 2.0
[3480938, 3480827] 1.0
[3480838, -3480944] 11.0
[3480938, -3480972] 2.0
[3481069, -3480938] 1.0
[3480835, 3480953] 1.0
[3480938, -3480970] 0.30000000000000004
[3480835, 3480952] 4.0
[3481004, 3480831] 1.0
[3481021, 3480822] 4.0
[3481069] 2.0
[3481021, 3480821] 2.0
[3480852, -3480875] 1.0
[3481069, -3480944] 25.0
[-3480962, 3480821] 1.0
[3480838, -3480834] 3.35
[3480838, -3480835] 3.0
[3480837, 3480974] 1.0
[3481069, -3480836] 2.0
[3480837, 3480972] 1.0
[3480938, -3480869] 2.0
[3480838, -3480838] 11.8
[3480838, -3480836] 14.0
[3481004, -3480863] 18.0
[3481004, -3480874] 0.55
[3480938, -3480875] 1.0
[3481069, -3480838] 0.55
[3481004, 3480931] 1.0
[3480838, -3480852] 1.0
[3480936, 3480996] 1.0
[3480837, 3480935] 1.0
[3480837, -3480836] 29.0
[3480837, 3480934] 0.2
[3480837, -3480831] 3.0
[3480838, -3480875] 1.0
[3480936, -3480838] 5.0
[3480936, -3480839] 1.0
[-3480971, 3481025] 1.0
[3480936, -3480836] 0.7000000000000001
[3480837, -3480837] 14.850000000000001
[3480936, -3480834] 0.35000000000000003
[3480838, -3480869] 2.0
[3480936, -3480835] 1.0
[3480852, 3480996] 2.0
[3480936, 3480962] 0.30000000000000004
[-3481054, 3481054] 12.0
[3480936, -3480852] 0.5
[3480852, 3480822] 3.0
[3480852, 3480821] 3.0
[-3480962, -3480869] 1.0
[3480852, 3480819] 1.0
[-3480962, -3480875] 1.0
[-3480971, -3481105] 1.0
[3480852, 3480827] 3.0
[3480863, 3480998] 1.0
[3480835, 3480846] 0.1
[-3480971, 3480934] 1.0
[3480835, 3480855] 1.0
[-3480971, 3480932] 1.0
[3480852, 3480846] 0.4
[3481021, -3480836] 1.0
[3480835, 3480860] 0.05
[3480852, 3480844] 3.0
[3480863, -3481054] 1.0
[-3480962, -3480839] 1.0
[-3480962, -3480838] 5.0
[-3480962, -3480836] 0.7000000000000001
[3480835, 3480809] 0.9500000000000001
[3481021, -3480851] 0.35000000000000003
[3481004, -3480836] 7.0
[3480938, -3480838] 5.0
[3480835, 3480812] 2.0
[3481004, -3480837] 3.2
[3480938, -3480839] 1.0
[3481021, -3480849] 2.0
[3480835, 3480811] 6.0
[3480938, -3480836] 0.8
[3480835, 3480810] 2.0
[-3480971, 3480958] 1.0
[3480938, -3480834] 0.35000000000000003
[3480938, -3480835] 2.0
[3480835, 3480821] 3.0
[-3480971, 3480971] 0.4
[-3480962, -3480852] 0.5
[3480852, 3480810] 2.0
[3480852, 3480809] 0.6000000000000001
[3480835, 3480822] 1.0
[3480852, 3480812] 4.0
[3480835, 3480827] 2.0
[3480938, -3480852] 0.5
[3480852, 3480811] 1.0
[-3480971, 3480974] 2.0
[-3480971, 3480972] 3.0
[3480936, 3480846] 1.0
[3480838, 3480811] 5.0
[-3480962, -3480938] 1.7000000000000002
[3480838, 3480809] 8.0
[-3480962, -3480936] 0.1
[3480835, -3481131] 10.0
[3480863, -3480976] 1.0
[3480863, -3480974] 4.0
[-3480888, 3480848] 1.1500000000000001
[-3480971, 3480874] 1.0
[3480838, 3480822] 7.0
[3480838, 3480821] 1.0
[3480936, 3480860] 2.0
[3480936, 3480869] 1.0
[3480863, 3481025] 2.0
[3480835, 3480869] 6.0
[3480936, 3480809] 1.0
[-3480888, 3480876] 0.9500000000000001
[-3480962, 3481119] 1.0
[3480863, -3480998] 4.0
[3480863, -3480996] 3.45
[3480852, 3480860] 2.0
[3480837, 3480813] 0.1
[3480936, 3480821] 1.0
[3480852, 3480864] 1.0
[3480863, -3481004] 0.2
[3480852, 3480869] 3.0
[3480837, 3480821] 1.0
[3480837, 3480831] 1.0
[3480819, 3480881] 5.0
[3480852] 18.0
[3480863] 1.0
[3480938, 3481105] 1.0
[-3481054, 3480812] 1.0
[-3481054, 3480809] 2.0
[3480863, 3480881] 1.0
[3480838] 10.0
[3480844, -3480844] 0.9500000000000001
[3480837] 2.0
[-3481054, 3480822] 2.0
[-3480971, -3480996] 3.0
[3480938, 3481119] 1.0
[3480835] 14.0
[3480936, -3481131] 1.0
[3480895, -3480895] 62.25
[-3480971, -3481004] 0.65
[3480844] 1.0
[3480863, -3480937] 1.0
[3480863, -3480938] 5.0
[3480863, -3480936] 1.0
[3480835, -3481090] 1.0
[3480819] 2.0
[-3481054, -3480938] 2.0
[-3481054, -3480937] 1.0
[-3481054, 3480846] 4.0
[-3480888] 1.6
[-3481054, 3480844] 2.0
[3480863, -3480939] 21.400000000000002
[-3480888, 3480838] 11.0
[-3481054, 3480864] 1.0
[3480852, -3481131] 12.0
[-3480888, 3480834] 13.0
[-3480971, 3480844] 2.0
[-3480962, 3480962] 0.35000000000000003
[3480863, 3480933] 1.0
[3480863, -3480837] 1.6
[3480863, -3480836] 1.0
[3480852, -3481021] 1.0
[3480938, -3481131] 12.0
[3480863, -3480852] 1.0
[-3480962] 2.0
[3480863, -3480863] 27.650000000000002
[-3480962, -3480835] 1.0
[-3480962, -3480834] 0.35000000000000003
[-3480971] 1.0
[-3480962, 3480996] 1.0
[3480863, 3480894] 0.05
[3480863, -3480867] 1.0
[3480895, -3480850] 1.0
[3480895] 2.0
[-3481054, -3480834] 11.0
[3480837, -3480996] 1.0
[3481004, 3480972] 1.0
[-3480962, -3481131] 1.0
[3480835, -3480941] 1.0
[3480837, -3481004] 8.75
[-3481054] 2.0
[3480835, 3481105] 2.0
[-3480888, -3480876] 1.1500000000000001
[3480837, -3481012] 6.0
[-3481054, -3480852] 2.0
[3480852, -3480972] 2.0
[3480938, 3480996] 2.0
[3480852, -3480970] 0.30000000000000004
[3480852, 3481105] 1.0
[3481021, 3480925] 2.0
[3480837, -3481025] 1.0
[3480936, -3481021] 1.0
[3480852, -3480974] 1.0
[3480852, 3481054] 0.9500000000000001
[3480835, -3480970] 3.0
[3480835, 3481070] 1.0
[3480936] 1.0
[-3480888, -3480848] 1.05
[3480838, -3481069] 1.0
[3480938, 3480962] 0.30000000000000004
[3481069, 3480996] 1.0
[3480938] 2.0
[3480837, 3481025] 1.0
[3481069, -3481069] 3.0
[-3480971, -3480841] 1.0
[3480835, -3480869] 6.0
[3480844, 3480881] 2.0
[3480819, -3480879] 2.0
[3481004, -3480996] 1.0
[3480936, -3480936] 0.1
[3480837, -3480937] 1.0
[3480835, -3480875] 3.0
[3480837, -3480938] 4.0
[3480837, -3480936] 1.0
[3481004, -3481004] 1.6500000000000001
[3481069, -3480972] 1.0
[3480863, 3480821] 2.0
[3480863, 3480819] 1.0
[3480936, -3480938] 1.7000000000000002
[-3480962, 3480846] 1.0
[3481004, -3481012] 0.1
[-3480962, 3480860] 2.0
[3480936, 3481119] 1.0
[3481021, -3481021] 0.65
[3480938, -3481021] 1.0
[3480837, -3480958] 1.0
[3481021] 2.0
[3481004, -3481025] 1.35
[-3480962, 3480869] 1.0
[3480852, 3481119] 1.0
[3480819, -3480933] 1.0
[3480936, -3480974] 1.0
[3480936, -3480972] 1.0
[3480837, -3480976] 1.0
[3481004, 3481025] 1.0
[3480852, -3480938] 2.1
[3480852, -3480936] 0.1
[3480852, -3480937] 2.0
[3481004] 2.0
