[]
[411095, 994046, 109938, 541035, 618687, 2317081, 117243, 46142, 626183]
[189310]
[3480836, -3480836] 4.0
[3480844, -3480956] 1.0
[] 1.0
[3480836, -3480834] 17.0
[3480836, -3480835] 2.0
[3480844, 3481195] 0.8
[3480836, 3480809] 4.0
[3480844, -3480822] 5.0
[3480836, -3480842] 1.0
[3480844, -3480962] 2.0
[3480841, -3481125] 1.6
[3480836, -3480843] 1.0
[3480841, -3481126] 1.6
[3480844, -3480961] 6.65
[3480841, -3480996] 1.0
[3480857] 1.0
[3480844, -3480831] 0.5
[3480836, -3480852] 0.1
[3480836, 3480822] 2.0
[3480844, -3480844] 1234.3500000000001
[3480844, -3481100] 1.0
[3480836, 3480821] 2.0
[3480844, -3480845] 1.0
[3480836, -3480851] 1.0
[3480836, -3480849] 8.0
[3480844, 3480961] 1.1500000000000001
[3480836] 3.0
[3480857, -3480857] 10.05
[-3480845, 3480876] 2.0
[-3480845, 3481133] 1.0
[3480841] 1.0
[3480841, -3481012] 0.30000000000000004
[3480844] 0.30000000000000004
[3480841, -3480881] 1.0
[3480844, -3480857] 1.0
[3480844, -3481111] 1.0
[3480836, -3481132] 0.2
[3480836, -3481133] 0.9
[3480844, -3480866] 1.0
[3480841, 3480881] 1.0
[3480836, -3481131] 5.0
[-3480845, 3481021] 1.0
[3480836, -3480870] 0.35000000000000003
[3480836, -3480871] 0.35000000000000003
[3480841, 3481012] 1.0
[3480844, 3480925] 0.9500000000000001
[3480836, -3480882] 2.0
[3480844, -3480870] 1.0
[3480844, -3480871] 1.0
[3480836, -3481021] 14.0
[3480844, -3480881] 6.0
[3480844, -3480878] 1.1500000000000001
[3480836, 3480870] 1.0
[-3480845, -3480848] 2.0
[3480844, 3480881] 1.0
[3480841, 3480974] 2.0
[3480836, 3480871] 1.0
[3480844, -3480895] 7.0
[3480844, -3481288] 2.0
[3480844, -3481287] 2.0
[-3480845] 14.0
[3480841, -3480822] 2.0
[3480841, 3481126] 2.0
[-3480845, -3480876] 2.0
[3480844, 3481288] 1.1
[3480841, 3481125] 2.0
[3480844, 3481287] 1.8
[3480844, -3480925] 2.0
[3480836, 3480841] 1.0
[3480841, 3480819] 1.0
[3480836, 3480844] 1.0
[3480841, -3480837] 2.0
[3480841, -3480836] 4.0
[3480841, 3480821] 1.0
[3480844, -3481195] 0.65
[3480841, -3480844] 1.0
[-3480845, 3480834] 1.0
[3480841, -3480841] 259.3
[-3480845, 3480848] 2.0
[-3480845, 3480849] 0.55
[3480836, 3480860] 2.0
[-3480845, 3480844] 0.30000000000000004
[3480836, 3480864] 1.0
