[]
[334245, 1862285, 2583557, 1414081, 1112261, 1685, 2583344, 1106107]
[3669062, 3414880]
[] 0.05
[4295829, -4295837] 3.5500000000000003
[4295829, -4295840] 0.30000000000000004
[4295829, -4295841] 0.25
[-4295829, -4295856] 0.05
[4295829, -4295850] 0.1
[-4295829, -4295860] 0.05
[4295829, 4295856] 1.0
[4295829, 4295859] 0.1
[-4295829, -4295829] 1.2000000000000002
[4295829, 4295829] 0.35000000000000003
[4295827, 4295829] 2.0
[4295829, -4295856] 0.05
[4295827] 0.05
[4295859] 0.05
[4295829, -4295826] 0.05
[-4295829] 60.0
[4295829] 0.15000000000000002
[4295829, -4295860] 0.05
[-4295829, -4295837] 3.75
[-4295829, -4295840] 0.35000000000000003
[-4295829, 4295859] 0.05
[4295829, -4295829] 10.100000000000001
[-4295829, 4295829] 0.55
