[]
[345572, 155347, 32706, 3011934, 1617916, 3236308, 23679, 641894, 306203]
[2268724]
[] 1.0
[-4295839, -4295857] 1.0
[-4295839, 4295827] 1.0
[-4295839, 4295826] 1.0
[-4295839, 4295828] 0.45
[4295851] 1.0
[-4295839, 4295837] 0.55
[-4295839, 4295839] 3.0500000000000003
[4295828, -4295860] 35.2
[-4295839, 4295857] 11.0
[4295828, 4295843] 1.0
[4295828, -4295838] 2.95
[4295828, -4295841] 11.55
[-4295839, 4295859] 0.4
[4295828, -4295840] 6.7
[-4295839, 4295858] 4.0
[4295851, -4295851] 82605.65000000001
[4295828, 4295849] 0.45
[4295828, 4295856] 1.0
[4295828, -4295850] 1.55
[4295828, 4295827] 5.0
[-4295839, 4295840] 1.0
[4295828] 0.05
[4295828, -4295826] 0.1
[4295828, -4295829] 1173.8500000000001
[4295828, -4295828] 5184.700000000001
[4295828, 4295836] 48.2
[4295828, 4295835] 2.0
[4295828, -4295833] 1.0
[4295828, 4295838] 0.35000000000000003
[-4295839, 4295851] 1.0
[-4295839, 4295853] 1.0
[4295828, -4295837] 36.550000000000004
[-4295839] 24.0
