[]
[7520, 1379413, 811261, 2779032, 968717, 286112, 833032, 1055173, 623874]
[153073]
[] 1.0
[3480865, 3480928] 1.0
[3480809, -3480894] 1.0
[3480809, -3481022] 0.30000000000000004
[3480820, -3480976] 1.0
[3480865, -3480899] 1.0
[3480809, -3480828] 2.0
[3480865, -3480962] 1.0
[3480808, -3480808] 2168.0
[3480865, -3480976] 1.0
[3480809, 3480881] 1.0
[3480809, -3480902] 4.0
[3480809, 3480823] 1.0
[3480809, -3481220] 1.0
[3480865, 3480813] 1.0
[3480809, 3480821] 1.0
[3480809, -3481040] 1.0
[3480809, 3480824] 3.0
[3480809, -3480846] 1.4000000000000001
[3480809, 3480831] 2.0
[3480865, 3480821] 1.0
[3480809, -3481033] 0.1
[3480809, -3480919] 1.0
[3480809, -3480920] 0.30000000000000004
[3480809, -3480853] 1.0
[3480865, 3481144] 1.0
[3480809, 3480960] 0.05
[3480809, -3481042] 1.0
[3480820, -3480820] 1.35
[3480865, -3480807] 24.0
[3480809, -3480859] 1.9000000000000001
[3480809, -3480860] 1.05
[3480820] 1.0
[3480865, -3480865] 133.0
[3480809, -3480932] 2.0
[3480809, -3480879] 1.0
[3480809, 3480923] 1.0
[3480809, -3480813] 3.1
[3480808] 1.0
[3480809, -3480811] 0.30000000000000004
[3480865] 1.0
[3480809, -3480809] 7.0
[3480809, -3480824] 0.55
[3480809, 3480929] 1.0
[3480809] 1.0
