[]
[7953, 2097650, 2500741, 2646572, 2665007, 565297, 2624324, 2623029, 1049998]
[1725564]
[] 1.0
[3480819, -3480822] 12.0
[3480819, -3480819] 5.440750000000001
[3480819, -3480818] 1.0
[3480819, -3480828] 24.0
[3480924, -3481018] 0.15000000000000002
[3480819, -3480831] 2.0
[3480819, -3480846] 7.322500000000002
[-3480830, -3481018] 0.25
[3480819, -3480844] 1.0
[3480924, -3481024] 1.0
[3480824, 3480819] 1.0
[3480819, -3480853] 7.5
[3480819, -3480850] 13.950000000000001
[3480819, 3480918] 1.0
[3480819, -3480862] 22.700000000000003
[3480819, -3480859] 6.45
[3480819, -3480860] 1.3475000000000001
[3480819, -3480857] 14.100000000000001
[3480819, 3480929] 1.0
[3480819, -3480855] 21.0
[3480819, -3480856] 8.0
[3480819, -3480867] 4.0
[-3480830, 3480821] 2.0
[3480819, 3480930] 4.0
[-3480830, 3480819] 1.0
[3480819, -3481378] 1.0
[3480924, -3481046] 1.0
[3480819, -3480864] 5.0
[3480819, -3481386] 1.0
[-3480830, 3480828] 1.0
[-3480846, 3480812] 1.0
[-3480813, 3480813] 0.30000000000000004
[-3480846, 3480809] 1.1
[3480924, 3480828] 1.0
[3480819, -3481266] 25.0
[-3480846, 3481209] 1.0
[-3480846, 3481210] 1.0
[3480819, -3481285] 0.9500000000000001
[-3480809, 3481101] 3.0
[3480819, -3481283] 1.25
[3480819, -3481284] 1.1
[-3480809, 3481102] 2.0
[-3480830, -3481026] 0.35000000000000003
[-3480830, -3481024] 1.0
[-3480830, -3481046] 1.0
[3480819, -3481311] 0.6000000000000001
[3480819, -3481312] 0.7000000000000001
[3480819, -3480813] 4.565
[3480819, -3480811] 0.04200000000000001
[3480819, -3481323] 1.0
[3480819, -3480812] 0.5745000000000001
[3480924, 3480819] 1.0
[3480819, -3480809] 1.0365000000000002
[3480819, -3480810] 0.13975
[-3480830, -3481052] 2.4000000000000004
[3480819, -3481204] 1.0
[3480819, -3481199] 2.0
[3480823, -3480823] 4.219250000000001
[3480819, -3481209] 1.0
[3480819, -3481207] 17.0
[3480819, -3481227] 3.0
[3480819, -3481228] 1.0
[-3480830, -3480894] 1.0
[3480924, -3480894] 1.0
[-3480862, -3480867] 1.0
[3480819, -3481238] 0.15000000000000002
[3480924, 3481116] 1.0
[3480924, -3480903] 5.0
[-3480809, 3481059] 5.0
[-3480830, -3480846] 2.4000000000000004
[3480924, -3480924] 1.0
[3480924, -3480922] 1.0
[3480819, -3481249] 2.0
[-3480830, -3480853] 3.0
[-3480846, -3480869] 3.0
[-3480846, -3480868] 1.0
[-3480830, -3480860] 6.0
[3480924, -3480927] 1.9000000000000001
[3480819, 3480884] 1.0
[3480924, -3480813] 3.0
[3480819, -3481139] 9.0
[3480924, -3480809] 2.75
[-3480860] 2.0
[-3480862] 0.30000000000000004
[3480824, -3480809] 1.0
[-3480846, 3481101] 3.0
[-3480846] 0.65
[-3480846, 3481102] 2.0
[-3480830, 3481116] 1.0
[3480819, 3480850] 0.05
[-3480830, -3480903] 5.0
[3480824, -3480824] 0.55
[-3480830] 0.8700000000000001
[-3480824] 1.0
[3480924, -3480846] 8.0
[3480924, -3480860] 4.0
[3480824, -3480828] 4.0
[-3480830, -3480918] 1.0
[-3480813] 20.0
[-3480830, -3480922] 2.0
[3480819, 3480881] 2.0
[-3480830, -3480927] 1.25
[-3480809] 0.7000000000000001
[-3480811] 1.0
[-3480830, -3480924] 3.0
[3480819, -3481076] 3.25
[-3480830, 3481026] 6.0
[-3480860, -3480834] 0.1
[3480819, -3481082] 2.0
[-3480860, -3480843] 1.0
[-3480860, -3480842] 1.0
[3480819, -3481093] 3.0
[3480819, -3481101] 10.0
[-3480830, 3481052] 25.0
[-3480809, 3480910] 3.0
[3480819, 3481171] 1.0
[3480824] 1.0
[3480823] 2.0
[3480819, -3481105] 1.0
[3480819, -3481103] 2.0
[3480819] 1.0
[3480819, -3481104] 8.0
[3480819, -3481115] 3.0
[-3480809, -3480869] 2.0
[-3480879] 1.0
[-3480809, -3480868] 3.0
[3480819, -3481014] 1.0
[-3480846, -3480818] 16.0
[3480819, -3481011] 7.0
[-3480809, 3480826] 1.0
[-3480809, 3480827] 1.0
[-3480809, 3480822] 4.0
[-3480830, -3480811] 3.0
[3480819, -3481022] 2.0
[-3480830, -3480809] 0.21750000000000003
[3480819, -3481018] 16.05
[-3480830, -3480813] 20.0
[3480924] 2.0
[-3480846, -3480835] 5.0
[3480819, -3481027] 2.0
[-3480846, -3480838] 7.0
[3480819, -3481024] 34.0
[3480819, -3481038] 4.0
[-3480830, -3480824] 1.0
[3480819, -3481033] 4.0
[3480819, -3481031] 1.0
[-3480809, 3480846] 0.4
[3480819, -3481045] 2.0
[-3480813, 3480984] 7.0
[-3480809, -3480910] 2.0
[3480819, -3481046] 18.0
[3480819, -3481042] 1.0
[3480819, -3481040] 1.0
[-3480809, 3480868] 3.0
[-3480809, 3480869] 2.0
[-3480824, 3480819] 1.0
[3480819, -3481051] 3.0
[-3480879, 3480988] 1.0
[3480819, -3481050] 1.0
[-3480813, 3480986] 1.0
[-3480862, 3480983] 1.0
[-3480809, -3480923] 1.0
[3480819, -3481055] 2.0
[-3480824, 3480824] 4.0
[3480819, -3481070] 6.800000000000001
[3480819, -3481067] 2.0
[-3480824, 3480831] 1.0
[3480819, -3481063] 5.0
[3480819, -3480945] 4.0
[-3480862, 3480867] 2.0
[3480819, -3480953] 10.0
[3480819, -3480963] 1.0
[-3480860, 3480821] 2.0
[3480819, -3480962] 4.0
[-3480830, 3480927] 0.4
[-3480846, 3480910] 1.0
[-3480811, 3480846] 2.0
[-3480860, 3480841] 2.0
[3480819, -3480979] 25.85
[-3480830, -3481101] 1.0
[3480819, -3480984] 1.0
[-3480860, 3480844] 2.0
[3480819, -3480997] 1.0
[-3480809, 3480812] 1.0
[-3480809, 3480810] 1.0
[3480823, -3481117] 3.0050000000000003
[3480924, 3480881] 1.0
[-3480809, 3480809] 0.45
[3480819, -3481006] 2.3000000000000003
[-3480809, 3480819] 1.0
[3480819, -3481002] 2.7
[-3480860, 3480860] 4.0
[3480819, -3480883] 8.0
[-3480809, 3481210] 1.0
[-3480846, 3480822] 1.0
[-3480879, 3480821] 2.0
[3480819, -3480881] 0.053125000000000006
[-3480846, 3480819] 1.0
[-3480809, 3481209] 1.0
[3480819, -3480879] 2.85
[3480819, -3481391] 1.0
[-3480813, 3480819] 1.0
[3480819, -3480894] 7.7
[3480819, 3481147] 3.0
[-3480813, 3480831] 2.0
[3480819, -3480887] 2.3150000000000004
[3480819, -3480902] 4.0
[3480819, -3480895] 2.0
[-3480809, -3480836] 1.0
[-3480846, 3480846] 0.5
[-3480809, -3480835] 6.0
[3480819, -3480906] 1.0
[3480819, -3480903] 4.0
[3480924, -3481101] 1.0
[-3480846, 3480853] 3.0
[3480819, -3480916] 3.95
[-3480830, 3480867] 1.0
[-3480879, 3480850] 0.05
[3480924, 3480927] 1.0
[3480819, -3480926] 2.0
[3480819, -3480922] 1.0
[3480819, -3481434] 1.0
[-3480879, 3480859] 1.0
[3480819, -3480919] 2.0
[3480819, -3480933] 1.0550000000000002
[3480819, -3480934] 35.0
[-3480811, 3480811] 3.0
[3480819, -3480931] 4.800000000000001
[-3480846, 3480869] 5.0
[3480819, -3480932] 3.1500000000000004
[-3480811, 3480809] 4.0
[-3480846, 3480868] 1.0
[-3480830, 3480881] 1.0
[-3480813, 3480867] 1.0
[3480819, -3480942] 1.0
[-3480862, 3480862] 4.0
[-3480846, 3480875] 2.0
[-3480879, 3480874] 1.0
[3480819, -3480935] 1.0
[-3480811, 3480812] 1.0
