[]
[4163854, 2291382, 293585, 4167944, 4261046, 32007, 1907587, 3488346, 4251551]
[422492]
[] 1.0
[4295837, -4295829] 2.3625000000000003
[4295854, -4295847] 3.0
[4295839, 4295859] 2.0
[4295837, -4295833] 3.0
[4295837, -4295837] 2.2875
[4295837, -4295840] 1.05
[4295854, -4295855] 3.75
[4295851] 1.0
[4295837, -4295839] 1.0
[4295854, -4295854] 1.5350000000000001
[4295854] 3.0
[4295855] 2.0
[4295859] 1.0
[4295854, -4295839] 1.0
[4295837, -4295826] 1.0
[4295828, -4295839] 3.0
[4295855, 4295839] 2.0
[4295828, -4295838] 5.7
[4295828, -4295841] 8.0875
[4295828, -4295840] 1.6350000000000002
[4295828, -4295843] 0.15000000000000002
[4295839, 4295829] 1.0
[4295828, -4295850] 10.850000000000001
[4295828, -4295827] 0.65
[4295837, -4295850] 10.0
[4295855, 4295827] 0.75
[4295828, -4295826] 8.0
[4295828, -4295829] 9034.0
[4295855, 4295829] 0.30000000000000004
[4295828, -4295828] 1029.1900000000003
[4295854, 4295859] 2.0
[4295828, -4295833] 1.0
[4295828, -4295837] 12.317500000000003
[4295837, -4295860] 0.32750000000000007
[4295854, 4295839] 0.75
[4295839, -4295839] 1.0
[4295828, -4295860] 7.640000000000001
[4295854, 4295827] 5.0
[4295854, 4295829] 4.0
[4295828, 4295843] 0.15000000000000002
[4295828, 4295848] 2.0
[4295851, -4295851] 4130.2825
[4295855, -4295847] 2.8000000000000003
[4295837, 4295827] 0.6000000000000001
[4295828, 4295849] 6.0
[4295837, 4295829] 0.2
[4295855, -4295852] 0.35000000000000003
[4295855, -4295854] 1.12
[4295828, 4295856] 2.0
[4295855, -4295855] 5.330000000000001
[4295828, 4295827] 1.2000000000000002
[4295828] 0.1
[4295828, 4295829] 1.0
[4295828, 4295831] 0.7000000000000001
[4295828, 4295836] 125.95
[4295828, 4295835] 5.0
[4295828, 4295838] 0.0325
[4295837] 1.0
[4295839] 2.0
