[]
[158275, 3011934, 1277435, 867718, 2885826, 1263308, 2973042, 4208303, 74030]
[3834132]
[] 1.0
[4295837, -4295829] 0.35000000000000003
[4295854, -4295847] 0.15000000000000002
[4295854, 4295839] 4.0
[4295837, -4295837] 4.0
[4295854, -4295852] 0.1
[4295837, -4295840] 1.0
[4295854, -4295855] 40.400000000000006
[4295851] 1.0
[4295854, -4295854] 215.0
[4295854] 3.0
[4295855] 1.0
[4295855, 4295859] 0.1
[4295828, -4295860] 97.0
[4295854, 4295827] 0.15000000000000002
[4295854, 4295829] 0.30000000000000004
[4295855, 4295839] 2.0
[4295828, -4295838] 1.0
[4295828, -4295841] 3.45
[4295828, -4295840] 102.0
[4295828, 4295848] 1.0
[4295851, -4295851] 16036.35
[4295855, -4295847] 0.15000000000000002
[4295828, 4295849] 0.65
[4295837, 4295829] 3.0
[4295855, -4295852] 0.1
[4295855, -4295854] 169.0
[4295828, 4295856] 1.0
[4295828, -4295850] 6.2
[4295855, -4295855] 33.4
[4295828] 1.0
[4295828, 4295829] 0.05
[4295855, 4295827] 0.15000000000000002
[4295828, 4295831] 3.0
[4295828, -4295829] 188.95000000000002
[4295855, 4295829] 0.1
[4295828, -4295828] 1603.0500000000002
[4295854, 4295859] 0.30000000000000004
[4295828, 4295836] 0.25
[4295828, 4295838] 0.1
[4295837] 1.0
[4295828, -4295837] 44.5
