[]
[2097250, 1798271, 2136677, 2621726, 2381832, 2064211, 524949, 2532457, 2360427]
[2196310]
[] 1.0
[3480813, -3480887] 109.45
[3480813, -3480888] 1.0
[3480813, 3480881] 4.0
[3480831, -3480931] 2.0
[-3481238, 3480887] 3.0
[3480813, 3480884] 1.0
[3480813, -3480895] 5.0
[3480813, -3480894] 69.8
[3480813, -3480906] 2.0
[3480813, -3480903] 30.0
[-3481295, 3480867] 0.35000000000000003
[3480813, -3480902] 25.0
[3480813, -3480916] 22.0
[3480831, -3480960] 1.0
[3480813, -3481434] 1.0
[3480813, -3480922] 1.0
[-3481295, 3481397] 1.0
[-3481295, -3480881] 1.0
[-3480881] 1.0
[3480813, -3480919] 2.0
[3480813, 3480850] 2.0
[3480813, -3480917] 3.0
[3480813, -3480918] 1.0
[3480813, -3480931] 44.85
[3480813, -3480932] 53.6
[3480831] 1.0
[3481293, -3480971] 1.0
[-3481238, 3480921] 1.0
[3480813, -3480933] 16.3575
[3480813, -3480934] 9.15
[3480813] 1.0
[3480813, -3481199] 3.0
[-3481295, -3480980] 0.8500000000000001
[3480813, -3480828] 15.0
[-3481238] 4.0
[3480813, -3481082] 110.0
[3480813, -3480824] 61.0
[-3481295, -3481238] 1.0
[3480813, -3480822] 38.0
[3480831, -3480868] 1.0
[3481294, 3480881] 1.0
[3480831, -3480881] 1.0
[3480813, -3481090] 1.0
[3480813, -3480831] 9.0
[3481293, 3480921] 1.0
[3480813, -3480844] 2.0
[-3481295, 3481315] 27.0
[3480813, -3481093] 1.0
[3480813, -3480850] 1.0
[-3481295, 3480813] 1.0
[3480813, -3481104] 16.0
[3480813, -3480848] 2.0
[3480813, -3480846] 17.595000000000002
[3480813, -3480859] 5.15
[3480813, -3481115] 2.0
[3480813, -3480860] 16.235000000000003
[3480813, -3480857] 20.85
[3480813, -3480855] 4.0
[3480813, -3481111] 1.0
[3480813, 3481171] 1.0
[3480881] 1.0
[3480813, -3480856] 4.0
[3480831, -3480902] 1.0
[3481293, 3480881] 5.0
[3481293, -3481397] 1.0
[3480813, -3480853] 7.45
[3481293, 3480887] 17.0
[3480813, -3480867] 2.0
[3480813, 3480918] 1.0
[-3481295, 3480831] 2.0
[3480813, -3481378] 1.0
[3480813, -3480864] 3.0
[3480813, -3480862] 75.10000000000001
[3480813, -3480876] 1.0
[3480813, 3480930] 4.0
[3480813, 3480929] 1.0
[3480831, -3480916] 1.0
[3480813, -3480883] 5.0
[3480813, -3481139] 3.0
[3480813, -3480881] 8.0
[3480813, -3480879] 12.25
[3480813, -3481391] 1.0
[3480813, -3481018] 49.0
[3480813, -3481013] 1.0
[3480813, -3481014] 3.0
[3481293, 3481239] 21.0
[3481293, -3481315] 3.5
[3480813, -3481027] 3.0
[3480813, -3481283] 5.0
[3481293, 3481238] 3.4000000000000004
[3480813, -3481284] 5.0
[3480813, -3481281] 1.0
[3480813, -3481024] 6.0
[3481294, -3480831] 0.5100000000000001
[3480813, -3481022] 44.0
[3480813, -3481033] 2.0
[3480813, -3481031] 1.0
[-3481238, -3481293] 1.25
[3480813, -3481285] 5.0
[3480831, -3480819] 1.0
[3480813, -3481041] 1.0
[3480831, -3480831] 7.0
[-3481295] 5.050000000000001
[3480813, -3481042] 11.0
[3480813, -3481039] 1.0
[3480813, -3481040] 11.0
[3480813, -3481038] 2.4000000000000004
[-3481295, -3480813] 1.0
[3480813, -3481045] 4.0
[3480813, -3481046] 3.0
[3480813, -3481316] 2.0
[3480813, -3481312] 2.0
[3480813, -3480811] 6.68
[3480813, -3480812] 66.1375
[3480813, -3480809] 63.072500000000005
[3480813, -3480810] 14.912500000000001
[3480813, -3481063] 14.0
[3481293, -3480851] 1.0
[3480813, -3480819] 278.125
[-3481295, 3481294] 0.20750000000000002
[3480813, -3481076] 7.0
[-3481295, 3481295] 0.07250000000000001
[-3481295, 3481293] 67.0
[-3481295, -3481295] 0.19000000000000003
[3480813, -3480813] 31.675
[-3481295, -3481294] 0.0625
[3480813, -3481070] 68.7
[3480813, -3480956] 2.0
[3480813, -3480953] 37.0
[3480813, -3481209] 3.0
[3480813, 3481324] 1.0
[3480813, -3481207] 3.0
[-3480881, 3480881] 10.0
[3480813, -3480963] 3.0
[3480813, -3481220] 1.0
[3480813, -3480962] 26.0
[3480813, -3480971] 2.0
[3480813, -3481227] 4.0
[-3481295, -3480867] 7.0
[3480813, -3480979] 63.7
[3481294] 1.0
[3481293] 51.0
[3480831, -3481024] 1.0
[3481293, -3481274] 1.0
[3480813, -3481238] 2.0
[-3481238, -3481315] 2.0
[-3481238, 3481239] 1.0
[3481293, -3481028] 1.0
[-3481238, 3481238] 7.0
[3480813, -3481002] 10.600000000000001
[3480831, -3481045] 5.0
[3480813, -3481265] 0.4
[3480813, -3481266] 12.0
[3480813, -3481007] 1.0
[-3480881, -3480881] 1.0
[3481293, -3481293] 11.600000000000001
[3480813, -3481261] 1.0
[3480813, -3481006] 11.0
