[]
[132515, 2653085, 1980632, 2747534, 2821522, 2474745, 132847, 459641, 2808660]
[1323897]
[3480836, -3480836] 1.05
[] 1.0
[3480837, -3480868] 0.35000000000000003
[3480838, 3480869] 0.25
[3480837, -3480863] 0.45
[3480852, 3480952] 3.0
[3480837, 3480910] 0.15000000000000002
[3480837, -3480874] 2.0
[3480852, -3480836] 2.75
[-3480848, 3480837] 3.0
[3481021, 3480846] 0.35000000000000003
[3480837, 3480917] 0.25
[3480852, -3480834] 0.026875
[-3480848, 3480835] 7.0
[3480852, -3480835] 2.0
[3480838, -3480913] 2.0
[3481021, 3480844] 2.0
[3480863, -3481173] 0.375
[3481021, 3480855] 6.0
[3481004, 3480867] 1.0
[-3480848, 3480844] 1.0
[3481004, 3480874] 2.0
[3480852, -3480838] 0.65
[3480852, -3480839] 6.0
[3480852, -3480852] 0.2025
[3480836, -3480869] 1.0
[3481004, 3480813] 0.05
[3480837, 3480868] 1.0
[-3480848, 3480852] 2.0
[3480837, 3480874] 2.0
[3480838, -3480938] 0.25
[3481004, 3480821] 1.0
[3480838, 3480846] 0.7000000000000001
[3480838, -3480936] 0.7000000000000001
[3481004, -3480962] 1.0
[3481021, 3480809] 0.25
[3480863, 3481099] 2.0
[3480852, -3480869] 2.0
[3480838, -3480944] 2.25
[3480838, -3480941] 0.5
[3481004, 3480831] 2.0
[3480838, 3480864] 1.0
[3481021, 3480822] 3.0
[3481021, 3480821] 1.0
[3480852, -3480875] 4.0
[3481004, -3480976] 1.0
[3480838, 3480867] 1.0
[3480837, -3480917] 1.0
[3480852, -3480870] 1.0
[3480852, -3480871] 1.0
[3480838, -3480834] 1.75
[3481021, -3480875] 1.0
[3480838, -3480835] 0.14
[3481170] 1.0
[3481021, -3480871] 4.0
[3481021, -3480869] 2.0
[3481021, -3480870] 4.0
[3480837, 3480972] 1.0
[3480838, -3480838] 0.06825000000000002
[3480838, -3480836] 3.1
[3480838, 3480952] 6.0
[3481004, 3480934] 1.0
[3481004, 3480933] 0.05
[3480838, -3480852] 0.45
[3480838, 3480962] 3.0
[3480837, 3480935] 2.0
[3480837, 3480934] 1.0
[3480837, -3480836] 1.0
[3480838, -3480867] 1.0
[3480837, 3480932] 0.05
[3480837, -3480831] 0.15000000000000002
[3481021, 3480867] 1.0
[3480837, -3480832] 1.0
[3481170, -3480915] 2.0
[3480838, -3480875] 1.0
[3480837, -3480841] 2.0
[3481021, 3480869] 4.0
[3480837, -3480837] 0.10650000000000003
[3480838, -3480869] 0.4
[3480838, 3480913] 1.0
[-3480848, 3480813] 1.0
[3480837, 3480958] 6.0
[3481004, -3480910] 2.0
[3480852, 3480822] 0.2
[3480836, 3480809] 1.0
[3480852, 3480827] 2.0
[3480852, 3480846] 0.30000000000000004
[3481021, -3480835] 1.0
[3481021, -3480836] 0.07750000000000001
[3480852, 3480844] 3.0
[3480836, 3480827] 2.0
[3481021, -3480834] 0.6000000000000001
[3481021, -3480843] 0.1
[3481021, -3480842] 0.1
[3481021, -3480851] 0.061375000000000006
[3481004, -3480836] 2.0
[3481004, -3480837] 0.325
[3481021, -3480849] 2.0
[3480863, 3480972] 3.0
[3480863, 3480974] 1.0
[3480852, 3480809] 0.4
[3481004, -3480841] 1.0
[3481021, -3480867] 1.0
[3480836, 3480869] 1.0
[-3480848] 1.0
[3480838, 3480809] 1.1
[-3480888, 3480851] 0.15000000000000002
[3480863, -3480976] 2.0
[-3480888, 3480848] 2.0
[3480844, -3480895] 5.0
[3480838, 3480822] 0.35000000000000003
[3480838, 3480827] 1.0
[3480852, 3480913] 1.0
[3480863, -3480988] 3.0
[3480863, 3481025] 1.0
[3480852, 3480853] 1.0
[-3480888, 3480876] 1.0
[3480863, -3480998] 0.35000000000000003
[3480852, 3480855] 4.0
[3480863, -3480996] 0.55
[3480836, 3480846] 1.0
[3480837, 3480813] 1.0
[3480852, 3480864] 1.0
[3480863, -3481004] 0.9
[3480852, 3480869] 2.0
[3480837, 3480821] 2.0
[3480863, -3481012] 4.0
[3480837, 3480831] 1.0
[3480863, -3481025] 6.0
[3480863, -3480901] 1.0
[3480852] 15.0
[3480852, -3481071] 3.0
[3480844, -3480835] 1.0
[3480863] 1.0
[3480838] 1.3
[3480844, -3480844] 0.29000000000000004
[3480863, 3480881] 1.0
[3480837] 3.0
[3480863, -3480917] 2.0
[3480836] 3.0
[3480852, -3481100] 2.0
[3480895, -3480895] 0.15437500000000004
[3480844] 1.0
[3480863, -3480937] 1.0
[3480863, 3480831] 2.0
[3480838, -3481181] 1.0
[-3480888] 3.0
[3480863, -3480939] 1.1700000000000002
[-3480888, 3480838] 0.05
[3480838, 3481119] 4.0
[3480863, -3480962] 4.0
[3480852, -3481131] 1.0
[-3480888, 3480836] 1.0
[-3480888, 3480834] 3.0
[3480863, -3480958] 1.0
[3480838, -3481090] 1.0
[3480863, -3480841] 5.95
[3480863, 3480933] 0.05
[3480863, -3480837] 0.6125
[-3480848, 3481021] 3.0
[-3480848, 3481027] 1.0
[3480863, -3480863] 0.17600000000000005
[3480863, -3480874] 1.0
[3480863, -3480871] 1.0
[3481170, -3481170] 1.0
[3480863, -3480870] 1.0
[3480863, -3480867] 3.0
[3480863, -3480868] 1.0
[3480838, -3481131] 0.55
[3480895, -3480850] 1.0
[3480895] 1.0
[-3480848, 3481069] 1.0
[3480852, -3480949] 5.0
[3480837, -3481004] 0.665
[3480837, -3480998] 0.4
[3480837, -3481012] 2.0
[-3480888, -3480876] 1.0
[3480836, -3480974] 1.0
[3480852, -3480972] 2.0
[3480837, -3481025] 2.6500000000000004
[3480852, 3481054] 0.4
[3480837, 3481012] 2.0
[-3480888, -3480848] 1.0
[3480838, -3481071] 1.0
[3480863, -3480822] 5.0
[3480852, -3481004] 3.0
[3480863, -3480832] 2.0
[-3480848, 3481004] 1.0
[3480837, 3481025] 2.0
[3481021, 3480952] 1.0
[3480837, -3480937] 7.0
[3480837, -3480938] 3.0
[3481004, -3481004] 0.38250000000000006
[3480863, 3480821] 1.0
[3480863, 3480819] 0.05
[3481021, -3481021] 4.65
[3481021, -3481036] 4.0
[-3480888, 3481131] 0.45
[3481021] 7.0
[3480836, -3480938] 2.0
[3481004, 3481012] 2.0
[3480836, -3480936] 0.5
[3480852, 3481119] 2.0
[3481021, -3481048] 1.0
[3481004, 3481025] 2.0
[3480852, -3480941] 2.0
[3480852, -3480938] 0.05750000000000001
[-3480848, 3480939] 1.0
[3480852, -3480936] 3.6
[3480852, -3480937] 2.0
[-3480848, 3480938] 1.0
[3481004] 2.0
[-3480848, 3480936] 1.0
