[]
[3017597, 1044364, 1112950, 2902085, 319837, 2138844, 2291119, 1141855, 3154558]
[642981]
[] 1.0
[-3481294, -3480881] 0.05
[3481295, 3481294] 0.15000000000000002
[3481293, -3481315] 3.25
[3481293, 3481239] 0.4
[3481293, -3480867] 1.0
[3481293, 3481238] 1.9000000000000001
[3481293, 3480921] 2.0
[3481294, 3480831] 0.05
[3481295, -3480881] 0.05
[3481294] 0.05
[3481293] 21.0
[-3481294, 3481293] 24.0
[3480831, -3480831] 10.15
[-3481295] 0.05
[-3481294] 0.05
[-3481294, 3481294] 0.15000000000000002
[3481295] 0.05
[-3481294, -3481295] 0.15000000000000002
[3481294, -3481294] 0.05
[3481294, 3481295] 0.05
[3481293, -3480825] 2.0
[3481293, -3481274] 1.0
[3481294, 3481293] 2.0
[3481293, -3481397] 1.0
[3481293, 3480881] 0.25
[3481293, -3480822] 0.30000000000000004
[3481293, 3480887] 0.30000000000000004
[-3481295, 3480831] 0.05
[3481293, -3480962] 0.15000000000000002
[3480831] 0.05
[3480831, -3481294] 1.0
[3480831, 3480881] 0.05
[3481293, -3480972] 1.0
[3481293, -3480851] 1.0
[-3481295, 3481295] 0.05
[3481295, -3481295] 0.15000000000000002
[-3481295, 3481293] 2.0
[3481295, 3481293] 24.0
[3481293, -3481293] 11.4
[-3481295, -3481294] 0.05
