[]
[685320, 4219187, 1445490, 677027, 422492, 276062, 1510218, 1567337, 2178910]
[824791]
[] 1.0
[4295837, -4295829] 109.15
[4295854, -4295847] 0.9
[4295837, -4295833] 3.0
[4295837, -4295837] 245.4
[4295854, -4295852] 0.1
[4295837, -4295840] 1268.0
[4295854, -4295855] 71.55
[4295851] 1.0
[4295837, -4295839] 1.0
[4295854, -4295854] 392.0
[4295854] 1.0
[4295855] 1.0
[4295858] 2.0
[4295855, 4295859] 1.0
[4295854, -4295839] 1.0
[4295837, -4295826] 0.1
[4295828, -4295839] 3.0
[4295855, 4295839] 2.0
[4295828, -4295838] 5.65
[4295828, -4295841] 130.95000000000002
[-4295861, 4295837] 1.0
[4295828, -4295840] 29.8
[4295828, -4295843] 0.15000000000000002
[4295828, -4295850] 6.9
[4295858, -4295858] 1.75
[4295828, -4295827] 13.0
[4295837, -4295850] 1.1500000000000001
[4295855, 4295827] 7.0
[4295828, -4295826] 4.0
[4295828, -4295829] 8652.75
[4295855, 4295829] 3.0
[4295828, -4295828] 19627.8
[4295854, 4295859] 1.0
[-4295861, 4295826] 1.0
[4295828, -4295833] 1.0
[-4295861, 4295828] 4.0
[4295828, -4295837] 212.8
[4295837, -4295860] 13.55
[4295854, 4295839] 17.0
[4295837, 4295859] 1.0
[4295837, 4295858] 3.0
[-4295861, 4295851] 1.0
[-4295861] 0.30000000000000004
[-4295861, 4295855] 1.0
[4295858, 4295829] 1.0
[-4295861, 4295854] 2.0
[4295828, -4295860] 150.5
[4295854, 4295827] 7.0
[-4295861, 4295858] 1.0
[4295854, 4295829] 3.0
[-4295861, 4295861] 1.0
[4295828, 4295843] 0.15000000000000002
[4295828, 4295848] 1.0
[4295851, -4295851] 82605.65000000001
[4295837, 4295827] 14.0
[4295828, 4295849] 2.0
[4295837, 4295829] 5.0
[4295855, -4295854] 284.0
[4295828, 4295856] 1.0
[4295855, -4295855] 1062.0
[-4295861, -4295861] 3.0
[4295828, 4295827] 1.05
[4295828] 1.0
[4295828, 4295831] 7.0
[4295828, 4295836] 123.4
[4295828, 4295835] 2.0
[4295828, 4295838] 0.30000000000000004
[4295837] 1.0
