[]
[2884621, 2387186, 2680702, 1112950, 1960842, 1315235, 2901051, 2138844, 3154558]
[1075350]
[] 1.0
[-3481295, 3480980] 0.05
[3481293, -3481315] 3.25
[3481293, 3481239] 0.5
[3481293, 3481238] 1.75
[3481293, 3480921] 0.1
[3481294, 3480831] 0.05
[3481294] 0.2
[3481293] 28.0
[-3481295] 0.1
[3481294, -3481294] 0.1
[3481294, -3481295] 0.05
[3481294, 3481295] 0.1
[3481294, 3481294] 0.05
[3481293, -3481274] 1.0
[3481294, 3481293] 22.0
[3481294, 3480980] 0.05
[3481293, 3480881] 0.25
[3481294, -3480980] 0.05
[3481293, 3480887] 0.45
[-3481295, 3480831] 0.05
[3481293, -3480971] 1.0
[3481294, 3481315] 7.0
[3481293, -3480851] 1.0
[-3481295, 3481294] 0.05
[-3481295, 3481295] 1.0
[-3481295, 3481293] 22.0
[-3481295, -3481295] 0.05
[3481293, -3481293] 11.450000000000001
[-3481295, -3481294] 1.0
