[]
[1553767, 2647208, 1605436, 1107846, 530082, 2097643, 164622, 2732740, 2675989]
[116986]
[] 1.0
[3480835, 3480962] 3.0
[3481021, 3480841] 1.0
[3480938, -3480938] 3.0
[3480813, -3481157] 2.0
[3480938, -3480936] 1.0
[3480938, -3480937] 1.0
[3481004, 3480868] 1.0
[3480835, -3480838] 1.6500000000000001
[3480813, -3481180] 2.0
[3480835, -3480835] 0.03962500000000001
[3480835, -3480836] 9.0
[3480938, 3480809] 3.0
[3480837, 3480874] 1.0
[-3480962, -3480970] 3.0
[3480937, -3480936] 9.0
[-3480962, 3480809] 2.0
[3481021, 3480809] 1.0
[3480938, 3480822] 3.0
[3481021, -3480974] 1.0
[3480938, 3480827] 2.0
[3480835, -3480852] 3.0
[3480835, 3480952] 2.0
[3481004, 3480831] 1.0
[3480937, -3480938] 5.0
[-3480962, 3480827] 1.0
[3480937, -3480952] 1.0
[3480813, -3481199] 2.0
[-3480888, 3481090] 1.0
[3480837, -3480917] 2.0
[-3480962, 3480821] 1.0
[3480937, 3480869] 1.0
[3480813, -3481198] 2.0
[3481021, -3480871] 2.0
[3481021, -3480870] 2.0
[3480937, -3480838] 6.0
[3480937, -3480836] 3.0
[3480937, -3480834] 1.0
[-3480962, -3481090] 1.0
[3480813, -3481104] 5.0
[3480937, -3480852] 2.0
[3481004, 3480935] 2.0
[3480837, 3480934] 2.0
[3480837, -3480836] 2.0
[3480813, -3481111] 1.0
[3480937, -3480869] 3.0
[3480837, -3480837] 0.7600000000000001
[3480813, -3481139] 1.1500000000000001
[-3480962, -3480869] 1.0
[3480813, -3481018] 21.0
[3480813, -3481014] 3.0
[3480835, 3480844] 1.0
[3480813, -3481024] 1.9500000000000002
[3480835, 3480846] 2.0
[3480813, -3481022] 10.0
[3480813, -3481033] 1.0
[3480813, -3481031] 1.0
[3480835, 3480860] 1.0
[3481021, -3480836] 2.45
[3480813, -3481041] 0.2
[3480813, -3481042] 0.6000000000000001
[3481021, -3480834] 1.0
[3480813, -3481039] 0.2
[3480813, -3481040] 0.6000000000000001
[-3480962, -3480838] 0.30000000000000004
[-3480962, -3480836] 1.0
[3480835, 3480809] 1.4500000000000002
[3480813, -3481045] 3.0
[3480813, -3481046] 4.0
[3480813, 3480976] 1.0
[3481021, -3480851] 3.25
[3480938, -3480838] 1.0
[3480835, 3480812] 1.0
[3481004, -3480837] 6.0
[3480835, 3480811] 2.0
[3481021, -3480849] 1.05
[3480835, 3480810] 1.0
[-3480867, 3480809] 2.0
[3480938, -3480834] 6.0
[3481021, -3480848] 0.1
[3480835, 3480821] 4.0
[-3480867, 3480819] 1.0
[3480813, -3481063] 2.1
[3481004, -3480841] 1.0
[3480835, 3480822] 6.0
[3480813, 3480999] 1.0
[3480813, -3481076] 7.0
[3480835, 3480827] 4.0
[3480938, -3480852] 1.0
[-3480962, -3480867] 1.0
[3480937, 3480809] 2.0
[3480835, -3481131] 38.0
[3480813, -3480962] 7.0
[3480937, 3480822] 1.0
[3480835, 3480910] 1.0
[3480844, -3480895] 2.0
[3480813, -3480977] 6.0
[3480813, -3480978] 1.0
[3480835, 3480869] 10.0
[3480835, 3480868] 1.0
[3480835, 3480867] 2.0
[-3480962, 3481119] 1.0
[3480813, -3480984] 6.0
[3480837, 3480821] 1.0
[3480813, -3481002] 3.4000000000000004
[3480813, -3481011] 1.0
[3480813, -3481006] 1.0
[3480813, -3480887] 12.0
[3480813, 3480881] 5.0
[3480813, 3480884] 1.0
[3480813, -3480894] 0.7650000000000001
[3480844, -3480844] 21.0
[3480837] 1.0
[3480813, -3480903] 9.450000000000001
[3480835, -3481071] 5.0
[3480835] 26.0
[3480813, -3480902] 1.9500000000000002
[3480813, -3480916] 4.3
[3480895, -3480895] 3.0875000000000004
[3480844] 3.0
[3480813, -3480922] 10.0
[3480813, -3480919] 26.0
[3480835, -3481090] 6.0
[3480813, 3480850] 4.0
[3480813, -3480917] 2.0
[3480813, -3480918] 1.0
[3480813, -3480931] 4.4
[3480813, -3480932] 0.7200000000000001
[3480844, -3480866] 25.0
[3480844, -3480867] 1.0
[-3480888] 1.0
[-3480867] 1.0
[3480813, -3480933] 22.0
[3480813, -3480934] 1.5950000000000002
[3480813] 3.0
[3480813, 3480874] 1.0
[3480835, -3481112] 1.0
[3480813, -3480828] 13.100000000000001
[-3480962, 3480962] 3.0
[3480813, -3481338] 2.0
[3480813, -3480824] 0.557
[3480813, -3480822] 2.0
[3480813, -3480833] 1.0
[3480813, -3480831] 0.30000000000000004
[-3480962] 2.0
[3480813, -3481362] 1.0
[-3480962, -3480835] 0.8
[3480813, -3480846] 7.6000000000000005
[3480813, -3480859] 0.8250000000000001
[3480813, -3480860] 5.495000000000001
[3480813, -3480857] 3.1525000000000003
[3480813, -3480855] 3.0
[3480813, -3480853] 8.0
[3480813, -3480867] 5.95
[3480813, 3480918] 1.0
[3480895, -3480850] 1.0
[3480895] 1.0
[3480813, -3480864] 8.0
[3480813, -3480862] 17.85
[3480813, -3480883] 0.33475000000000005
[3480813, -3480881] 0.021750000000000005
[3480813, -3480879] 1.1500000000000001
[3481004, 3480972] 2.0
[3480835, -3480941] 2.0
[3480837, -3481004] 20.0
[3480835, -3480938] 0.15000000000000002
[3480835, -3480936] 0.6000000000000001
[3480837, -3481012] 1.0
[3480835, -3480944] 1.0
[3480835, 3481119] 1.0
[3480835, -3480952] 1.0
[3481004, -3481071] 1.0
[3480835, -3480970] 5.0
[3480813, -3480811] 0.15375000000000003
[3480813, -3480812] 1.0
[3480813, -3480809] 0.525375
[3480837, 3481012] 1.0
[3480813, -3480810] 1.0
[3480813, -3480819] 8.4
[3480938] 2.0
[3480937] 2.0
[3480837, 3481025] 1.0
[3480813, -3480813] 0.309375
[3480813, -3480814] 1.0
[3480835, -3480869] 9.0
[3480835, -3480867] 1.0
[3480813, 3480813] 2.0
[3480835, -3480868] 1.0
[3480813, 3480819] 1.0
[3480844, 3480881] 1.0
[3480813, -3481217] 4.0
[3480813, -3481213] 1.0
[3480813, 3480831] 1.0
[3480813, -3481227] 2.0
[3481004, -3481004] 2.8000000000000003
[-3480962, 3480846] 1.0
[3481004, -3481012] 1.0
[3481021, -3481021] 17.0
[-3480962, 3480867] 1.0
[3481021, -3481036] 1.0
[3480813, -3481242] 1.0
[3480837, -3480958] 1.0
[3480813, -3481238] 7.0
[3480835, -3480910] 1.0
[3481021] 1.0
[3481004, 3481012] 3.0
[-3480962, 3480869] 1.0
[3480835, -3480913] 1.0
[3480937, -3481004] 2.0
[3480813, -3481265] 2.0
[3480844, 3480867] 1.0
[3481004] 1.0
