[]
[1428997, 2518679, 1176946, 2161987, 137398, 2364945, 2888770, 102703, 609846]
[32072]
[-3480834, 3480835] 30.0
[] 0.05
[-3480834, 3480836] 0.2
[-3480834, 3480834] 0.05
[-3480838, 3480837] 0.5
[-3480838, 3480838] 0.2
[-3480838, 3480835] 39.0
[-3480836, 3480837] 1.0
[-3480838, 3480836] 0.25
[-3480836, 3480838] 0.1
[-3480834, 3480837] 0.4
[-3480836, 3480835] 0.35000000000000003
[-3480838, 3480834] 0.1
[-3480834, 3480838] 0.15000000000000002
[-3480836, 3480836] 1.0
[-3480834, 3480851] 0.1
[-3480836] 1.0
[-3480838] 2.45
[-3480834, 3480850] 0.1
[-3480834] 1.3
[-3480838, 3480851] 0.15000000000000002
[-3480836, 3480851] 0.05
[-3480838, 3480850] 0.15000000000000002
[-3480838, -3480855] 1.0
[-3480834, 3480819] 0.1
[-3480834, -3480855] 1.0
[-3480838, 3480819] 0.1
[-3480836, 3480819] 0.05
