[]
[630840, 1075026, 3147796, 2063450, 2107224, 715699, 4203, 1734884, 798243]
[551156]
[3480852, 3480822] 7.0
[] 1.0
[3480852, 3480949] 7.0
[3480852, -3480949] 4.1000000000000005
[3480838, 3480869] 1.0
[3480838, 3480875] 1.0
[3480852] 23.0
[3480852, 3480952] 3.0
[3480863, 3480867] 1.0
[3480852, 3480956] 2.0
[3480852, -3480827] 1.0
[3480852, 3480827] 4.0
[3480844, -3480835] 1.0
[3480863] 1.0
[3480852, -3480952] 2.0
[3480852, -3480836] 0.05
[3480838] 6.0
[3480844, -3480844] 5.800000000000001
[3480852, -3480834] 7.050000000000001
[3480852, -3480962] 5.0
[3481170, -3480836] 1.0
[3480863, 3480879] 0.1
[3480852, -3480835] 1.0
[3480863, -3481173] 6.25
[3480852, 3480846] 0.8500000000000001
[3480852, 3480844] 10.0
[3480852, -3480970] 1.0
[3480895, -3480895] 61.75
[3480852, -3480838] 2.0
[3480844] 1.0
[3480852, -3480839] 0.9500000000000001
[3480852, -3480852] 10.15
[3480821] 1.0
[3480863, 3480831] 1.0
[3480852, -3480851] 4.0
[3480852, -3480849] 1.0
[3480852, 3481054] 0.9500000000000001
[3480838, 3480846] 3.0
[3480852, -3481113] 1.0
[3480863, -3480939] 1.0
[3480852, -3480855] 1.0
[3480852, -3481111] 1.0
[3480838, 3481105] 2.0
[3480852, -3480868] 1.0
[3480852, -3480869] 0.45
[3480936] 1.0
[3480852, -3480867] 3.0
[3480852, 3480810] 0.05
[3480838, 3480860] 1.0
[3480852, 3480809] 1.0
[3480852, 3481065] 8.0
[3480852, -3481133] 6.0
[3480838, 3481119] 1.0
[3480852, 3480812] 0.1
[3480852, -3480875] 3.0
[3480852, -3480870] 1.0
[3480852, -3480871] 1.0
[3480838, -3480834] 2.0
[3481170] 1.0
[3480863, 3480933] 0.05
[3480863, -3480837] 1.0
[3480852, -3480881] 1.0
[3480838, 3480811] 1.0
[3480838, -3480838] 5.1000000000000005
[3480852, -3481398] 1.0
[3480838, -3480836] 0.75
[3480844, -3480895] 5.0
[3480838, 3480822] 1.0
[3480838, 3480827] 2.0
[3480863, 3480819] 0.05
[3480852, -3481036] 1.0
[3480863, -3480863] 5.0
[3480852, 3480913] 9.0
[3480838, -3480852] 1.0
[3480863, 3481025] 2.0
[3480852, 3480853] 2.0
[3480852, -3480913] 2.0
[3481170, -3480915] 3.0
[3480863, -3480998] 1.0
[3480852, 3480855] 10.0
[3480895, -3480850] 1.0
[3480895] 1.0
[3480936, -3480836] 0.05
[3480852, 3480864] 4.0
[3480852, 3481119] 1.0
[3480838, -3480869] 1.0
[3480852, 3480869] 0.35000000000000003
[3480852, 3480867] 1.0
[3480852, -3481069] 1.0
[3480852, -3480941] 3.0
[3480852, -3480938] 1.6500000000000001
[3480852, -3481065] 0.8
[3480852, 3480881] 1.0
