[]
[48757, 272721, 52487, 4206824, 276062, 346, 3137860, 1510218, 2358781]
[422492]
[] 1.0
[4295837, -4295829] 6.300000000000001
[4295837, 4295859] 1.0
[4295837, -4295837] 1.6500000000000001
[4295837, -4295840] 6.0
[4295851] 1.0
[4295855] 6.0
[4295858] 1.0
[4295855, 4295859] 4.0
[4295855, 4295858] 1.0
[4295828, -4295860] 165.0
[4295837, -4295826] 1.0
[4295828, -4295839] 5.0
[4295855, 4295839] 1.9500000000000002
[4295828, 4295843] 0.8500000000000001
[4295828, -4295838] 8.25
[4295828, -4295841] 136.8
[4295828, -4295840] 63.1
[4295828, -4295843] 0.8500000000000001
[4295828, 4295848] 3.0
[4295851, -4295851] 82605.65000000001
[4295855, -4295847] 3.3000000000000003
[4295828, 4295849] 7.0
[4295837, 4295829] 1.0
[4295855, -4295852] 0.35000000000000003
[4295855, -4295854] 54.150000000000006
[4295828, 4295856] 3.0
[4295828, -4295850] 521.0
[4295855, -4295855] 310.5
[4295828, 4295827] 1.7000000000000002
[4295828] 3.0
[4295858, -4295858] 0.6000000000000001
[4295828, -4295827] 14.0
[4295837, -4295850] 1.0
[4295855, 4295827] 2.0500000000000003
[4295828, -4295826] 0.8500000000000001
[4295828, 4295831] 11.0
[4295828, -4295829] 9307.300000000001
[4295855, 4295829] 12.0
[4295828, -4295828] 20719.300000000003
[4295828, 4295836] 2529.0
[4295828, 4295835] 7.0
[4295828, -4295833] 1.0
[4295828, 4295838] 0.65
[4295837, -4295856] 1.0
[4295837] 1.0
[4295828, -4295837] 450.8
[4295837, -4295860] 2.0
