[]
[105527, 528305, 2215816, 699, 623909, 1050060, 524422, 2098879, 2360491]
[191620]
[] 1.0
[3480809, -3481024] 1.1
[3480809, -3481022] 2.0
[3480809, -3481018] 3.6500000000000004
[3480827, -3480822] 4.0
[3480809, -3481040] 1.0
[3480827, -3480827] 2.3875
[3480809, -3481038] 1.8
[3480827, 3481233] 1.0
[3480809, -3481033] 1.0
[3480809, -3481046] 0.8
[3480809, -3481042] 1.0
[3480827, -3480832] 2.0
[3480809, -3481055] 0.15000000000000002
[3480963, -3480963] 36.0
[3480963, -3480962] 2.0
[3480809, -3481063] 15.0
[3480809, -3481057] 1.0
[3480827] 1.0
[3480809, -3480813] 7.552500000000001
[3480809, -3481070] 0.5
[3480809, -3480811] 1.6125
[3480809, -3480812] 0.21387500000000004
[3480809, -3480809] 2.290875
[3480809, -3480810] 0.7175000000000001
[3480809, -3480824] 15.15
[3480809, -3480822] 8.0
[3480809, -3480819] 1.6622500000000002
[3480809] 1.0
[3480809, -3481076] 4.4
[3480827, -3480864] 3.7
[3480809, -3481213] 1.0
[3480809, -3480955] 3.0
[3480809, -3481212] 1.0
[3480809, -3480953] 0.04250000000000001
[3480827, -3481012] 1.0
[3480809, -3480962] 6.0
[3480809, -3480974] 1.0
[3480809, -3481228] 1.0
[3480809, -3480984] 1.0
[3480827, 3481044] 7.0
[3480809, -3480979] 0.25250000000000006
[3480827, -3481044] 10.0
[3480963, 3480881] 1.0
[3480809, -3481249] 1.0
[3480809, -3481006] 7.0
[3480809, -3481002] 8.0
[3480809, -3481013] 1.0
[3480809, -3481011] 2.0
[3480827, -3481057] 16.0
[3480809, -3481265] 3.0
[3480809, -3481010] 2.0
[3480809, -3480894] 0.37250000000000005
[3480827, -3480937] 2.0
[3480809, -3480892] 1.0
[3480809, -3480903] 4.7
[3480809, 3480881] 7.0
[3480809, -3480902] 0.04000000000000001
[3480809, -3481412] 1.0
[3480963, -3480822] 2.0
[3480827, -3481211] 12.0
[3480827, -3480955] 3.0
[3480963] 1.0
[3480809, -3480906] 2.0
[3480809, -3480918] 1.0
[3480809, -3480916] 2.0
[3480827, -3480962] 2.0
[3480809, -3481180] 1.0
[3480827, 3481056] 1.0
[3480809, -3480933] 0.8950000000000001
[3480809, -3480934] 3.1500000000000004
[3480809, -3480931] 3.5500000000000003
[3480809, -3480932] 0.25
[3480809, -3480938] 1.0
[3480809, -3481207] 8.0
[3480827, 3480819] 2.0
[3480827, -3480996] 0.4
[3480827, 3481081] 1.0
[3480809, -3480945] 6.0
[3480963, -3480997] 8.0
[3480809, -3480831] 2.0
[3480809, -3480827] 0.75
[3480809, -3480828] 0.6000000000000001
[3480827, -3480874] 2.0
[3480827, -3480881] 2.0
[3480809, -3480836] 1.0
[3480809, -3481092] 1.0
[3480809, -3480833] 5.0
[3480809, -3481104] 12.0
[3480809, -3480846] 0.7001250000000001
[3480809, -3480844] 9.0
[3480809, -3480841] 1.0
[3480827, -3480901] 3.0
[3480809, -3480853] 5.1000000000000005
[3480827, -3481156] 1.0
[3480809, -3480852] 1.0
[3480809, -3480850] 0.2275
[3480809, -3480864] 0.65
[3480827, 3480859] 1.0
[3480809, -3480862] 1.4775
[3480809, -3480859] 2.35
[3480809, -3480860] 6.192500000000001
[3480809, -3480857] 1.1925000000000001
[3480809, -3481383] 1.0
[3480809, -3480867] 4.0
[3480809, -3481122] 2.0
[3480809, -3480879] 12.0
[3480827, 3480881] 5.0
[3480809, -3480874] 1.0
[3480809, -3480887] 2.6
[3480809, -3480883] 5.45
[3480809, -3481139] 3.0
[3480809, -3480881] 4.75
