[]
[2161504, 410182, 2118466, 2379718, 2791849, 2168277, 327980, 1574004, 1474410]
[616549]
[] 1.0
[-3480885, -3480824] 0.6000000000000001
[-3480809, -3481131] 7.0
[-3480934, 3480935] 1.0
[-3480934, 3480933] 1.0
[3480923, 3480809] 1.0
[-3480885, -3480846] 1.0
[3480824, 3480819] 1.0
[-3480884, -3480824] 0.6000000000000001
[3480881, -3481238] 1.0
[3480819, 3480918] 1.0
[-3480879, -3480988] 2.0
[-3480809, -3481109] 1.0
[3480819, 3480929] 1.0
[-3480809, -3481114] 3.0
[-3480813, -3480988] 4.0
[-3480885, -3480809] 3.0
[3480819, 3480930] 4.0
[-3480885, -3480813] 1.0
[3480819, -3481378] 1.0
[-3480813, -3480996] 1.0
[-3480884, -3480846] 1.0
[3480881, -3481139] 0.2
[3480819, -3481265] 0.4
[3480819, -3481266] 12.0
[3480819, -3481285] 5.0
[3480819, -3481283] 5.0
[3480819, -3481284] 5.0
[3480819, -3481281] 1.0
[3480824, 3480881] 1.0
[-3480809, 3481109] 2.0
[-3480932, 3480821] 1.0
[3480824, 3480883] 1.0
[3480923, 3480827] 2.0
[3480923, 3480826] 1.0
[-3480809, 3481119] 3.0
[3480819, -3481316] 2.0
[3480819, -3481312] 2.0
[3480881, -3481199] 1.0
[3480819, -3481199] 3.0
[3480819, -3481209] 3.0
[3480819, -3481207] 3.0
[3480819, -3481220] 1.0
[3480819, -3481227] 4.0
[-3480934, 3480821] 1.0
[-3480846, -3480910] 1.0
[3480819, -3481238] 2.0
[3480881, 3480918] 0.05
[-3480813, 3481173] 9.0
[-3480809, 3481065] 4.0
[3480819, -3481261] 1.0
[-3480809, 3480956] 1.0
[3480819, 3480884] 1.0
[3480819, -3481139] 0.15000000000000002
[-3480809, 3480954] 1.0
[-3480809, 3480952] 4.0
[3480881, -3481024] 3.0
[-3480860] 4.0
[3480881, -3481022] 2.0
[-3480859] 0.65
[3480881, -3481018] 5.0
[-3480884, -3480809] 3.0
[-3480884, -3480813] 1.0
[-3480809, -3481090] 2.0
[-3480809, -3481088] 5.0
[-3480846] 9.0
[3480881, -3481033] 13.0
[3480881, -3481045] 4.0
[3480881, -3481046] 1.0
[3480819, 3480850] 2.0
[-3480813, -3480925] 9.0
[-3480813] 37.0
[3480819, 3480881] 4.0
[-3480809] 4.6000000000000005
[-3480811] 1.0
[-3480919] 1.0
[3480819, -3481076] 7.0
[-3480809, 3480900] 8.0
[-3480813, 3481025] 2.0
[3480824, -3481238] 1.0
[-3480809, 3480899] 20.0
[-3480920, -3481033] 1.0
[-3480920] 8.0
[3480819, -3481082] 5.5
[-3480859, -3480874] 1.0
[3480819, -3481093] 1.0
[3480819, -3481090] 1.0
[3480881, -3480962] 3.0
[-3480809, 3480914] 4.0
[-3480809, 3480913] 1.0
[-3480809, 3480910] 3.0
[-3480885] 1.0
[3480821] 1.0
[-3480884] 1.0
[-3480809, 3480925] 8.0
[3480819, 3481171] 1.0
[3480824] 2.0
[3480881, -3480979] 2.0
[3480881, -3480977] 1.0
[3480819] 1.0
[3480819, -3481104] 16.0
[3480819, -3481115] 2.0
[-3480894] 1.0
[3480831] 1.0
[3480819, -3481111] 1.0
[-3480809, 3480949] 9.0
[-3480879] 10.0
[3480881, -3481002] 0.2
[3480819, -3481013] 1.0
[-3480809, 3480828] 4.0
[3480819, -3481014] 3.0
[-3480809, 3480826] 2.0
[-3480809, 3480827] 0.8
[3480881, -3480883] 0.5175000000000001
[-3480809, 3480825] 1.0
[3480881, -3480881] 0.7000000000000001
[3480819, -3481007] 1.0
[-3480809, 3480822] 15.0
[-3480813, 3480960] 1.0
[3480819, -3481022] 2.2
[3480881, -3480894] 7.0
[3480819, -3481018] 2.45
[3480923] 1.0
[3480881, -3480903] 1.55
[-3480809, 3480844] 1.1500000000000001
[3480819, -3481027] 3.0
[3480881, -3480902] 1.0
[-3480809, 3480840] 2.0
[-3480809, 3480841] 23.0
[3480819, -3481024] 6.0
[3480819, -3481038] 2.4000000000000004
[-3480813, 3480974] 1.0
[3480819, -3481033] 2.0
[-3480813, 3480972] 1.0
[-3480811, 3480910] 1.0
[3480819, -3481031] 1.0
[-3480809, 3480846] 1.25
[3480881, -3480919] 16.0
[3480819, -3481045] 4.0
[-3480809, 3480860] 5.0
[3480819, -3481046] 3.0
[3480881, -3480918] 1.0
[3480824, -3481199] 1.0
[3480819, -3481041] 1.0
[-3480809, 3480856] 1.0
[3480881] 1.0
[3480881, -3480916] 0.25
[3480819, -3481042] 0.55
[3480819, -3481039] 1.0
[-3480860, -3480867] 1.0
[-3480809, 3480854] 1.0
[3480819, -3481040] 0.55
[-3480809, 3480855] 2.0
[-3480809, 3480868] 5.0
[-3480809, 3480869] 1.0
[-3480860, -3480871] 1.0
[-3480860, -3480870] 1.0
[-3480813, 3480988] 3.0
[-3480809, 3480864] 0.2
[-3480809, 3480865] 4.0
[-3480879, 3480998] 1.0
[-3480932] 1.0
[3480881, -3480933] 1.0
[-3480813, 3480998] 4.0
[3480881, -3480934] 1.0
[-3480934] 1.0
[-3480813, 3480999] 2.0
[3480881, -3480931] 0.8500000000000001
[3480881, -3480932] 2.0
[-3480809, 3480870] 1.4500000000000002
[-3480809, 3480871] 1.4500000000000002
[3480819, -3481070] 3.4350000000000005
[-3480809, 3480880] 1.0
[-3480809, 3480881] 4.0
[3480819, -3481063] 14.0
[-3480811, 3480826] 1.0
[3480881, -3480824] 0.11112500000000002
[-3480811, 3480827] 2.0
[3480881, -3480822] 1.0
[3480881, -3480819] 1.8
[3480819, -3480956] 2.0
[3480819, -3480953] 1.85
[3480881, -3480828] 2.5500000000000003
[3480819, -3480963] 3.0
[-3480846, 3480899] 2.0
[3480819, -3480962] 26.0
[-3480846, 3480900] 3.0
[3480819, -3480971] 2.0
[3480881, -3480846] 0.010000000000000002
[-3480920, -3480919] 2.0
[3480881, -3480856] 2.0
[3480881, -3480853] 0.8
[3480819, -3480979] 3.1850000000000005
[-3480813, 3480926] 5.0
[-3481022] 2.0
[3480881, -3480859] 2.25
[3480881, -3480860] 1.4500000000000002
[-3480813, 3480922] 1.0
[3480824, -3481139] 0.2
[-3480809, 3480812] 1.0
[-3480809, 3480810] 1.0
[-3480809, 3480811] 0.30000000000000004
[-3480920, -3480881] 3.0
[3480881, -3480867] 0.0325
[-3480809, 3480808] 20.0
[-3480813, 3480933] 1.0
[-3480809, 3480809] 3.0
[3480923, 3480910] 1.0
[-3480809, 3480807] 0.55
[3480881, -3480879] 12.0
[-3480809, 3480820] 7.0
[3480819, -3481006] 11.0
[-3480809, 3480821] 9.0
[-3480809, 3480819] 1.0
[3480824, 3480918] 0.05
[3480819, -3481002] 10.600000000000001
[-3480885, -3481018] 1.0
[3480819, -3480883] 5.0
[-3480879, 3480821] 6.0
[3480819, -3480881] 8.0
[-3480813, 3480821] 6.0
[3480819, -3480879] 12.25
[-3480919, 3481033] 1.0
[-3480813, 3480819] 1.0
[3480819, -3480894] 3.49
[-3480859, -3480807] 2.0
[3480824, -3481046] 1.0
[-3480846, 3480827] 1.0
[3480824, -3481045] 4.0
[-3480846, 3480828] 3.0
[3480819, -3480887] 5.4725
[3480819, -3480888] 1.0
[-3480846, 3480826] 2.0
[3480819, -3480902] 1.25
[-3480859, -3480820] 2.0
[3480819, -3480895] 5.0
[3480819, -3480906] 2.0
[3480819, -3480903] 1.5
[3480819, -3480917] 3.0
[3480819, -3480918] 1.0
[3480819, -3480916] 22.0
[-3480884, -3481018] 1.0
[3480819, -3480922] 1.0
[-3480879, 3480859] 0.35000000000000003
[3480819, -3480919] 2.0
[3480819, -3480933] 0.8178750000000001
[3480819, -3480934] 0.4575
[3480819, -3480931] 2.2425
[3480819, -3480932] 2.68
[-3480811, 3480809] 1.0
[-3480879, 3480878] 0.05
[-3480813, 3480881] 1.0
[3480881, -3480813] 4.65
[-3480879, 3480877] 2.0
[3480881, -3480811] 0.11500000000000002
[-3480879, 3480874] 0.1
[3480881, -3480809] 0.04275000000000001
[-3480813, 3480874] 1.0
[3480819, -3480822] 1.9000000000000001
[3480824, -3480977] 1.0
[3480819, -3480819] 0.03476531250000001
[3480819, -3480828] 15.0
[3480819, -3480824] 3.0500000000000003
[3480824, -3480979] 2.0
[3480819, -3480831] 9.0
[3480819, -3480846] 0.8797500000000001
[3480819, -3480844] 2.0
[3480819, -3480853] 7.45
[-3480920, 3481033] 8.0
[3480819, -3480850] 1.0
[3480824, -3481002] 0.2
[3480819, -3480848] 2.0
[3480819, -3480862] 3.755000000000001
[3480819, -3480859] 5.15
[3480819, -3480860] 0.8117500000000002
[3480819, -3480857] 20.85
[3480819, -3480855] 4.0
[3480819, -3480856] 4.0
[3480824, -3481024] 3.0
[-3480846, 3480808] 7.0
[3480819, -3480867] 2.0
[3480824, -3481022] 2.0
[3480824, -3481018] 6.0
[3480819, -3480864] 3.0
[3480824, -3481033] 13.0
[3480819, -3480876] 1.0
[-3480813, 3480813] 3.0
[-3480846, 3480809] 2.0
[3480824, -3480918] 1.0
[3480824, -3480919] 16.0
[3480824, -3480916] 0.25
[-3480885, 3480883] 1.0
[3480824, -3480934] 1.0
[3480824, -3480932] 2.0
[3480824, -3480933] 1.0
[3480824, -3480931] 0.8500000000000001
[-3480884, 3480883] 1.0
[3480819, -3480813] 0.07919375000000002
[3480819, -3480811] 6.68
[3480819, -3480812] 0.16534375
[3480819, -3480809] 0.15768125000000002
[3480819, -3480810] 0.7456250000000001
[3480824, -3480962] 3.0
[3480824, -3480846] 0.010125000000000002
[3480824, -3480856] 2.0
[-3480920, 3480881] 1.0
[3480824, -3480853] 0.8
[-3480885, 3480819] 1.0
[3480824, -3480860] 1.4500000000000002
[3480824, -3480859] 2.25
[3480923, -3480868] 1.0
[3480824, -3480867] 0.0325
[3480824, -3480881] 0.7000000000000001
[3480824, -3480879] 12.0
[-3480884, 3480819] 1.0
[3480824, -3480883] 0.5175000000000001
[3480824, -3480894] 7.0
[-3480920, 3480919] 5.0
[-3480920, 3480920] 1.6500000000000001
[3480819, 3481324] 1.0
[3480824, -3480902] 1.0
[3480824, -3480903] 1.55
[-3480859, -3480988] 2.0
[3480831, -3481014] 22.0
[3480824, -3480809] 0.04275000000000001
[-3480859, 3480988] 7.0
[-3480859, -3481024] 0.05
[-3480859, 3480998] 3.0
[3480824, -3480813] 4.7
[3480824, -3480811] 0.11500000000000002
[3480824, -3480824] 0.11112500000000002
[3480824, -3480822] 1.0
[3480824, -3480819] 1.8
[3480824, -3480828] 2.5500000000000003
[3480881, 3480819] 1.0
[-3480809, -3480875] 4.0
[-3480809, -3480882] 3.0
[-3480809, -3480843] 1.3
[-3480809, -3480849] 2.6500000000000004
[-3480809, -3480852] 5.0
[-3480809, -3480870] 1.4500000000000002
[-3480809, -3480869] 2.0
[-3480809, -3480868] 4.0
[-3480809, -3480867] 1.0
[-3480809, -3480871] 1.4500000000000002
[-3480809, -3480941] 0.05
[3480881, 3480881] 1.0
[-3480860, 3480871] 7.0
[-3480860, 3480870] 7.0
[-3480860, 3480867] 1.0
[3480831, -3480881] 2.0
[-3480859, 3480850] 1.0
[-3480809, -3480949] 6.0
[-3480809, -3480954] 1.0
[-3480809, -3480962] 1.0
[3480831, -3480883] 3.0
[-3480859, 3480874] 2.0
[-3480809, -3480910] 3.0
[-3480859, 3480883] 1.0
[-3481022, 3480813] 1.0
[-3480859, 3480878] 0.35000000000000003
[-3480859, 3480879] 1.0
[-3480859, 3480877] 3.0
[-3480811, -3480868] 1.0
[-3480809, -3480928] 6.0
[3480831, -3480929] 18.0
[3480831, -3480809] 1.0
[3480831, -3480813] 1.0
[3480831, -3480824] 3.0
[-3480860, 3480821] 1.0
[-3480860, 3480822] 2.0
[3480831, -3480831] 1.0740000000000003
[-3480860, 3480841] 5.0
[-3480859, 3480819] 1.0
[-3480894, 3480874] 1.0
[-3480860, 3480844] 0.25
[-3480859, 3480821] 9.0
[-3480894, 3480895] 1.0
[-3480894, 3480894] 1.0
[3480831, -3480859] 1.0
[-3480860, 3480860] 1.0
[3480819, -3481391] 1.0
[-3480932, 3480935] 1.0
[-3480932, 3480933] 1.0
[-3480809, -3480834] 0.10500000000000001
[-3480809, -3480838] 5.0
[-3480809, -3480836] 0.07750000000000001
[-3480809, -3480835] 2.8000000000000003
[-3480809, -3480842] 1.3
[3480819, -3481434] 1.0
[-3480894, 3480821] 1.0
