[]
[2701720, 1424407, 2372608, 1953065, 294481, 410383, 1610035, 1338440, 2101855]
[2206864]
[] 1.0
[3480865, 3480928] 1.0
[3480820, -3480976] 0.1
[3480807, 3480813] 0.1
[3480865, -3480962] 1.0
[3480809, 3480819] 1.0
[3480808, -3480808] 3577.0
[3480807, 3480880] 0.05
[3480865, -3480976] 1.0
[3480809, 3480823] 1.0
[3480865, 3480813] 1.0
[3480809, 3480821] 1.0
[3480809, 3480824] 0.1
[3480809, 3480831] 1.0
[3480865, 3480821] 1.0
[3480880, -3480880] 1.35
[3480865, 3481144] 1.0
[3480820, 3480881] 1.0
[3480820, -3480998] 0.1
[3480820, -3480807] 1.0
[3480820, -3480820] 4.800000000000001
[3480865, -3480807] 28.0
[3480865, -3480996] 1.0
[3480880, 3480821] 1.0
[3480820] 0.1
[3480865, -3480865] 133.0
[3480880, 3480819] 0.05
[3480809, 3480923] 1.0
[3480808] 2.0
[3480807] 1.0
[3480865, -3480822] 0.15000000000000002
[3480809, -3480811] 1.0
[3480865] 1.0
[3480809, -3480809] 0.1
[3480880] 0.05
[3480809, 3480929] 1.0
[3480809] 1.0
