[]
[1629817, 270535, 20852, 271345, 1844922, 2336788, 1097208, 332684, 813074]
[2724834]
[] 1.0
[3480812, -3481115] 1.0
[3480809, -3481019] 1.0
[3480812, -3481111] 3.0
[3480809, -3481018] 5.0
[3480810, -3481063] 8.0
[3480812, 3481171] 1.0
[3480810, -3481070] 0.8950000000000001
[3480822, -3480925] 1.0
[3480810, -3481076] 3.8000000000000003
[3480822, -3480935] 2.0
[-3480913, 3480809] 2.0
[3480812, -3481135] 1.0
[3480810, -3481082] 10.0
[3480822, -3480952] 2.0
[3480822, -3480962] 25.0
[3480822, -3480963] 20.0
[3480812, 3481147] 1.0
[-3480834, 3480944] 1.0
[3480822, -3480971] 2.0
[3480810, -3481111] 3.0
[-3480834, 3480835] 20.0
[-3480834, 3480834] 1.0
[3480822, -3480844] 23.0
[3480812, -3481046] 1.0
[3480809, 3480819] 1.0
[3480809, 3480823] 1.0
[3480822, -3480855] 1.0
[3480809, 3480821] 1.0
[-3480834, 3480838] 1.0
[3480809, -3480962] 1.0
[-3480834, 3480851] 6.0
[3480810, -3481006] 3.0
[3480810, -3481007] 1.0
[3480822, -3480864] 1.0
[-3480834, 3480850] 0.05
[3480809, 3480824] 2.0
[3480810, -3481002] 16.150000000000002
[3480812, -3481063] 8.0
[3480812, -3481076] 3.8000000000000003
[3480810, -3481014] 0.5
[3480822, -3480870] 1.0
[3480822, -3480871] 1.0
[3480810, -3481011] 1.0
[3480812, -3481070] 0.8950000000000001
[3480822, -3480869] 3.0
[3480822, -3480882] 1.0
[3480810, -3481022] 5.0
[3480812, -3481082] 10.0
[3480822, -3480881] 1.0
[3480810, -3481018] 4.05
[3480810, -3481019] 1.0
[3480810, -3481031] 1.0
[3480810, -3481027] 1.0
[3480810, -3481024] 7.0
[3480810, -3481038] 5.5
[3480810, -3481039] 1.0
[3480810, -3481033] 1.0
[3480810, -3481046] 1.0
[3480810, -3481042] 2.0
[3480810, -3481040] 2.0
[3480810, -3481041] 1.0
[3480810, -3480922] 1.0
[3480810, -3481434] 1.0
[3480810, -3480920] 1.0
[3480810, -3480934] 2.6
[3480810, -3480932] 4.9
[3480810, -3480933] 0.13987500000000003
[3480810, -3480931] 1.2425000000000002
[-3480836, 3480835] 7.0
[3480810, -3480942] 1.0
[-3480835, 3480819] 1.0
[3480812, -3481002] 16.150000000000002
[3480812, -3481011] 1.0
[-3480836, 3480851] 1.0
[3480812, -3481006] 3.0
[3480812, -3481007] 1.0
[3480810, -3480945] 8.0
[-3480835, 3480835] 1.0
[3480812, -3481018] 4.05
[3480810, -3480956] 1.0
[3480812, -3481019] 1.0
[3480822, -3480812] 1.0
[3480812, -3481014] 0.5
[3480810, -3480953] 0.9
[3480822, -3480825] 28.0
[3480812, -3481027] 1.0
[3480822, -3480822] 2.1888750000000003
[-3480913, -3480834] 0.35000000000000003
[3480812, -3481024] 7.0
[3480810, -3480962] 1.7000000000000002
[3480810, -3480963] 3.0
[3480812, -3481022] 5.0
[3480822, -3480834] 18.0
[-3480834, 3480819] 1.0
[-3480913, -3480838] 0.5
[-3480838, 3480944] 1.0
[-3480913, -3480836] 1.1
[-3480913, -3480835] 0.1
[3480822, -3480831] 6.0
[3480812, -3481033] 1.0
[3480812, -3481031] 1.0
[3480812, -3481042] 2.0
[3480812, -3481040] 2.0
[3480812, -3481041] 1.0
[3480810, -3480979] 0.41500000000000004
[3480822, -3480836] 4.0
[3480812, -3481038] 5.5
[3480812, -3481039] 1.0
[3480810, -3480862] 8.9
[3480812, -3480922] 1.0
[3480812, -3481434] 1.0
[3480810, -3480860] 0.9975000000000002
[3480812, -3480920] 1.0
[3480810, -3480859] 10.65
[3480812, -3481430] 1.0
[3480810, -3480856] 2.0
[3480812, -3480919] 2.0
[3480810, -3480857] 10.0
[3480812, -3480932] 4.9
[3480812, -3480933] 0.13987500000000003
[3480810, 3481171] 1.0
[3480810, -3480868] 1.0
[3480812, -3480931] 1.2425000000000002
[-3480838, 3480835] 21.0
[3480810, -3481378] 1.0
[-3480838, 3480836] 1.0
[3480810, -3480867] 0.8500000000000001
[3480810, -3480864] 11.0
[-3480838, 3480834] 1.0
[-3480836] 4.0
[3480810, -3480879] 0.6800000000000002
[3480810, -3481391] 1.0
[-3480838] 12.0
[3480809, -3480846] 2.0
[-3480835] 1.0
[3480812, -3480934] 2.6
[-3480834] 14.0
[3480810, -3480887] 6.2
[-3480838, 3480851] 5.0
[3480812, -3480945] 8.0
[3480810, -3480883] 0.5
[3480812, -3480942] 1.0
[-3480838, 3480850] 0.05
[3480810, -3480881] 0.5075000000000001
[3480812, -3480956] 1.0
[3480810, -3480894] 1.4575000000000002
[3480812, -3480953] 0.9
[3480809, -3480860] 1.0
[3480810, -3480902] 0.55
[3480810, -3480903] 14.0
[3480812, -3480962] 1.7000000000000002
[3480812, -3480963] 3.0
[3480810, 3481147] 1.0
[3480810, -3481430] 1.0
[3480810, -3480919] 2.0
[3480810, -3480916] 8.65
[3480812, -3480979] 0.41500000000000004
[3480810, -3480917] 1.0
[3480810, -3480914] 0.1
[-3480836, 3480819] 1.0
[3480809, -3480881] 2.0
[3480812, -3480860] 0.9975000000000002
[3480812, -3480859] 10.65
[-3480913] 1.0
[3480812, -3480856] 2.0
[3480812, -3480857] 10.0
[3480812, -3480855] 8.0
[3480812, -3480868] 1.0
[3480812, 3480918] 1.0
[3480812, -3481378] 1.0
[3480812, -3480867] 0.8500000000000001
[3480812, -3480864] 11.0
[3480812, -3480862] 8.9
[3480810, -3480812] 0.6058750000000002
[3480810, -3480813] 0.31375000000000003
[3480812, 3480930] 5.0
[3480810, -3480810] 0.23425000000000004
[3480812, 3480929] 3.0
[3480810, -3480811] 0.15937500000000002
[3480810, -3480809] 0.9018750000000001
[3480810, -3480822] 1.1
[3480812, -3480883] 0.5
[3480812, -3480881] 0.5075000000000001
[3480810, -3480819] 5.474875000000001
[3480812, -3480879] 0.6800000000000002
[3480812, -3481391] 1.0
[3480810, -3480817] 0.05
[3480822] 5.0
[3480810, -3480831] 0.8500000000000001
[3480810, -3480828] 5.75
[3480810, -3481338] 1.0
[3480812, 3480881] 2.0
[3480810, -3480824] 1.6
[3480812, -3480887] 6.2
[3480810, -3480839] 1.0
[3480812, 3480884] 1.0
[3480812, -3480894] 1.4575000000000002
[3480810, -3480846] 3.575
[3480810, -3480844] 4.0
[3480809, -3480812] 1.0
[3480812, -3480902] 0.55
[3480809, -3480809] 3.6500000000000004
[3480812, -3480903] 14.0
[3480809, -3480810] 1.0
[3480812, -3480916] 8.65
[3480812, -3480917] 1.0
[3480810, -3480855] 8.0
[3480812, -3480914] 0.1
[3480810, -3480853] 1.05
[-3480838, 3480819] 1.0
[3480810] 1.0
[3480810, -3480850] 1.0
[3480809] 2.0
[3480812] 1.0
[3480913] 1.0
[3480812, -3480812] 0.6058750000000002
[3480812, -3480813] 0.31375000000000003
[3480812, -3480810] 0.23425000000000004
[3480812, -3480811] 0.15937500000000002
[3480812, -3480809] 0.9018750000000001
[3480812, -3480819] 5.474875000000001
[3480812, -3480817] 0.05
[3480810, -3481265] 0.05
[3480812, -3480828] 5.75
[3480812, -3481338] 1.0
[3480812, -3480824] 1.6
[3480812, -3480822] 1.1
[3480810, -3481282] 7.0
[3480812, -3480831] 0.8500000000000001
[-3480954] 1.0
[3480812, -3480844] 4.0
[3480812, -3480839] 1.0
[3480812, -3480853] 1.05
[3480812, -3480850] 1.0
[3480812, -3480846] 3.575
[3480809, 3480881] 1.0
[3480810, 3480850] 1.0
[3480810, -3481198] 1.0
[3480810, -3481207] 5.0
[3480812, -3481265] 0.05
[3480810, 3481324] 1.0
[-3480954, -3480834] 1.4000000000000001
[3480810, -3481209] 1.0
[-3480954, -3480838] 1.9500000000000002
[3480812, -3481282] 7.0
[-3480954, -3480836] 3.0
[3480810, 3480823] 1.0
[3480913, -3480838] 0.5
[3480913, -3480835] 0.1
[3480913, -3480836] 1.1
[3480810, -3481227] 1.0
[3480913, -3480834] 0.35000000000000003
[3480812, 3480850] 1.0
[3480810, -3481115] 1.0
[3480822, -3480972] 4.0
[3480810, 3480918] 1.0
[3480810, -3481135] 1.0
[3480913, 3480809] 2.0
[3480810, 3480930] 5.0
[3480810, 3480929] 3.0
[3480812, -3481198] 1.0
[3480812, 3481324] 1.0
[3480812, -3481209] 1.0
[3480812, -3481207] 5.0
[3480810, 3480884] 1.0
[3480810, 3480881] 2.0
[3480809, 3480918] 2.0
[3480812, 3480823] 1.0
[3480812, -3481227] 1.0
[3480809, 3480929] 2.0
