[]
[1167521, 1233154, 1819800, 1449537, 820903, 1261871, 1810134, 111500, 306203]
[2057413]
[] 0.05
[4295837, -4295829] 2.552343750000002E-6
[4295840, 4295827] 0.0011250000000000001
[4295840, 4295829] 6.250000000000001E-4
[4295837, -4295837] 6.873437500000003E-5
[4295837, -4295840] 6.881250000000003E-5
[4295851] 0.05
[4295837, -4295839] 0.005000000000000001
[4295855] 0.015000000000000003
[4295858] 0.05
[4295834, -4295853] 0.003125
[4295855, 4295859] 0.010000000000000002
[4295837, -4295826] 0.0075000000000000015
[4295828, -4295839] 0.0075000000000000015
[4295855, 4295839] 0.0012500000000000002
[4295840, -4295826] 0.0075000000000000015
[4295828, -4295838] 3.531250000000001E-5
[4295840, -4295829] 2.552343750000002E-6
[4295828, -4295841] 8.184375000000003E-4
[4295828, -4295840] 0.003725000000000001
[4295828, -4295843] 0.0075000000000000015
[4295840, -4295837] 6.873437500000003E-5
[4295840, -4295839] 0.005000000000000001
[4295828, -4295850] 8.625000000000001E-4
[4295840, -4295840] 6.881250000000003E-5
[4295858, -4295858] 3.2156250000000007E-4
[4295828, -4295827] 0.0325
[4295837, -4295850] 7.625000000000002E-4
[4295855, 4295827] 0.003000000000000001
[4295828, -4295826] 0.010000000000000002
[4295828, -4295829] 3.3799804687500016E-7
[4295855, 4295829] 0.0016250000000000001
[4295828, -4295828] 7.667109375000003E-7
[4295828, -4295833] 0.05
[4295837, -4295856] 0.05
[4295828, -4295837] 0.0013300000000000002
[4295837, -4295860] 5.084375000000002E-4
[4295840, -4295860] 5.084375000000002E-4
[4295834, 4295829] 0.0075000000000000015
[4295828, -4295860] 4.703125000000001E-5
[4295840, -4295850] 7.625000000000002E-4
[4295840, -4295856] 0.05
[4295828, 4295843] 0.0075000000000000015
[4295834, -4295832] 0.0013750000000000004
[4295834, -4295834] 6.875000000000002E-4
[4295828, 4295848] 0.05
[4295851, -4295851] 3.226783203125002E-6
[4295855, -4295847] 0.010125000000000002
[4295834, -4295839] 1.7500000000000003E-4
[4295837, 4295827] 0.0011250000000000001
[4295828, 4295849] 0.005000000000000001
[4295837, 4295829] 6.250000000000001E-4
[4295855, -4295852] 0.0021250000000000006
[4295855, -4295854] 2.0656250000000007E-4
[4295834, -4295842] 0.0026250000000000006
[4295828, 4295856] 0.05
[4295855, -4295855] 7.187500000000002E-4
[4295828, 4295827] 0.0026250000000000006
[4295828] 0.05
[4295828, 4295831] 8.750000000000001E-4
[4295828, 4295836] 0.015425000000000003
[4295834] 0.004000000000000001
[4295828, 4295835] 0.005000000000000001
[4295828, 4295838] 7.500000000000002E-4
[4295837] 0.05
[4295855, -4295839] 0.005000000000000001
[4295840] 0.05
