[]
[4280660, 86295, 86281, 86280, 4280650, 86298, 4280669, 4280655, 86286]
[4280662]
[4295855, 4295839] 0.05
[] 0.05
[4295851, -4295851] 0.0
[4295855, -4295847] 1.2789769243681828E-57
[4295855, -4295852] 1.5869140625000006E-16
[4295855, -4295854] 4.256169167048608E-304
[4295851] 0.05
[4295855, -4295855] 0.0
[4295855] 3.750000000000001E-4
[4295858] 0.05
[4295858, -4295858] 2.2648549702353263E-65
[4295855, 4295827] 1.907348632812502E-25
[4295855, 4295859] 0.005000000000000001
[4295855, 4295829] 1.5625000000000005E-6
