[]
[2187555, 3281248, 3348032, 3196325, 4280084, 1577456, 14184, 48137, 2425]
[4251258]
[] 1.0
[4295854, -4295847] 0.04750000000000001
[4295854, 4295839] 0.05
[4295854, -4295852] 0.025
[4295854, -4295855] 0.8775000000000001
[4295851] 1.0
[4295854, -4295854] 3.1500000000000004
[4295854] 0.05
[4295855] 0.1
[4295855, 4295859] 0.15000000000000002
[4295828, -4295860] 0.535
[4295854, 4295829] 0.1
[4295828, -4295839] 1.0
[4295855, 4295839] 0.05
[4295828, -4295838] 0.12750000000000003
[4295828, -4295841] 19.55
[4295828, -4295840] 0.43500000000000005
[4295828, 4295848] 1.0
[4295851, -4295851] 4130.2825
[4295855, -4295847] 0.04750000000000001
[4295855, -4295852] 0.025
[4295828, -4295846] 1.0
[4295855, -4295854] 3.45
[4295828, 4295856] 0.05
[4295828, -4295850] 0.45250000000000007
[4295855, -4295855] 0.91
[4295828, 4295827] 0.25
[4295828] 1.0
[4295828, 4295829] 1.0
[4295828, -4295827] 0.15000000000000002
[4295828, -4295826] 0.15000000000000002
[4295828, 4295831] 1.0
[4295828, -4295829] 20.6875
[4295855, 4295829] 0.2
[4295828, -4295828] 82.5625
[4295854, 4295859] 0.05
[4295828, 4295836] 0.09250000000000001
[4295828, 4295838] 0.015000000000000003
[4295828, -4295837] 2.7025000000000006
