[]
[239571, 1120661, 4206612, 2291382, 52487, 422492, 276062, 2663269, 1510218]
[7846]
[] 1.0
[-4295839, -4295857] 8.0
[-4295839, 4295826] 1.0
[-4295839, 4295828] 0.35000000000000003
[4295851] 1.0
[-4295839, 4295837] 0.9500000000000001
[-4295839, 4295839] 5.45
[-4295839, -4295844] 2.0
[4295828, -4295860] 150.5
[4295828, -4295839] 3.0
[-4295839, 4295857] 7.0
[4295828, 4295843] 0.15000000000000002
[4295828, -4295838] 5.65
[4295828, -4295841] 130.95000000000002
[-4295839, 4295859] 11.0
[4295828, -4295840] 29.8
[-4295839, 4295858] 8.0
[4295828, -4295843] 0.15000000000000002
[4295828, 4295848] 1.0
[4295851, -4295851] 82605.65000000001
[4295828, 4295849] 2.0
[4295828, 4295856] 1.0
[4295828, -4295850] 6.9
[4295828, 4295827] 1.05
[-4295839, 4295840] 0.55
[4295828] 0.05
[4295828, -4295827] 0.65
[4295828, -4295826] 0.2
[4295828, 4295831] 7.0
[-4295839, 4295844] 2.0
[4295828, -4295829] 8652.75
[4295828, -4295828] 19627.8
[4295828, 4295836] 123.4
[4295828, 4295835] 2.0
[4295828, -4295833] 1.0
[4295828, 4295838] 0.30000000000000004
[-4295839, 4295851] 2.0
[4295828, -4295837] 212.8
[-4295839] 35.0
