[]
[4209842, 212119, 2291382, 74101, 4196981, 1178054, 4218584, 468973, 4231420]
[3868642]
[] 1.0
[4295837, -4295829] 5.0
[4295845] 2.0
[4295837, -4295837] 1.35
[4295837, -4295840] 1.0
[4295851] 1.0
[4295853] 0.8500000000000001
[4295855] 1.0
[4295827, 4295829] 2.0
[4295855, 4295859] 1.0
[4295855, 4295839] 1.0
[4295828, -4295838] 1.4000000000000001
[4295828, -4295841] 8.25
[4295828, -4295840] 9.05
[4295828, -4295843] 0.30000000000000004
[4295828, -4295850] 4.9
[4295853, -4295832] 6.0
[4295828, -4295827] 3.0
[4295853, -4295834] 60.0
[4295855, 4295827] 2.0
[4295828, -4295826] 0.30000000000000004
[4295828, -4295829] 707.75
[4295855, 4295829] 3.0
[4295828, -4295828] 3374.8500000000004
[4295837, -4295856] 2.0
[4295853, -4295839] 0.6000000000000001
[4295853, -4295842] 0.45
[4295828, -4295837] 69.65
[4295845, 4295851] 2.0
[4295828, -4295860] 21.75
[4295845, 4295853] 7.0
[4295845, 4295858] 2.0
[4295845, 4295828] 0.1
[4295828, 4295843] 0.30000000000000004
[4295828, 4295848] 2.0
[4295851, -4295851] 82605.65000000001
[4295855, -4295847] 4.0
[4295845, 4295834] 1.0
[4295828, 4295849] 6.0
[4295845, 4295837] 2.0
[4295837, 4295829] 3.0
[4295855, -4295852] 1.0
[4295845, 4295839] 1.0
[4295855, -4295854] 0.8500000000000001
[4295828, 4295856] 2.0
[4295855, -4295855] 79.0
[4295828, 4295827] 2.0
[4295828] 2.0
[4295827] 1.0
[4295828, 4295829] 2.0
[4295828, 4295831] 4.0
[4295828, 4295836] 14.05
[4295853, 4295829] 0.1
[4295828, 4295835] 3.0
[4295828, 4295838] 0.75
[4295837] 1.0
