[]
[1311028, 2433431, 2624635, 525005, 128102, 40682, 1736737, 1318495, 352650]
[1390947]
[] 1.0
[3480809, -3481024] 1.0
[3480865, 3480928] 1.0
[3480809, -3480894] 4.800000000000001
[3480809, -3481022] 2.0
[3480820, -3480976] 1.0
[3480865, -3480962] 1.0
[3480809, -3481018] 1.0
[3480809, -3480903] 6.0
[3480809, 3480881] 3.0
[3480809, -3480902] 1.0
[3480865, 3480813] 1.0
[3480809, -3481040] 2.0
[3480809, 3480889] 1.0
[3480865, 3480821] 1.0
[3480809, -3481033] 1.6500000000000001
[3480809, -3480919] 0.8
[3480809, -3480920] 1.1500000000000001
[3480809, -3480916] 1.4000000000000001
[3480809, -3481042] 2.0
[3480865, -3480998] 1.0
[3480809, -3480926] 11.0
[3480809, -3481180] 8.0
[3480820] 2.0
[3480865, -3480865] 111.0
[3480809, -3480922] 4.0
[3480809, -3481063] 20.0
[3480809, -3480933] 1.0
[3480809, -3480934] 5.1000000000000005
[3480809, -3480931] 0.7000000000000001
[3480809, -3480932] 3.0500000000000003
[3480809, -3481199] 1.0
[3480809, -3480813] 33.7
[3480808] 2.0
[3480809, -3481198] 2.0
[3480809, -3480811] 6.300000000000001
[3480809, -3480809] 101.05000000000001
[3480809, -3480824] 2.4000000000000004
[3480809, -3480822] 7.0
[3480809, -3480819] 6.0
[3480809] 1.0
[3480809, -3481076] 7.0
[3480809, -3480831] 1.0
[3480809, -3480957] 1.0
[3480865, -3480899] 2.0
[3480809, -3480828] 15.0
[3480808, -3480808] 158.75
[3480809, 3480821] 1.0
[3480809, -3480962] 8.0
[3480809, -3481104] 12.0
[3480809, -3480846] 29.85
[3480809, 3480824] 3.0
[3480809, -3481227] 3.0
[3480809, 3480831] 1.0
[3480809, -3480855] 1.0
[3480809, -3480853] 25.0
[3480865, 3481144] 1.0
[3480809, 3480960] 1.0
[3480820, -3480820] 28.0
[3480865, -3480807] 28.0
[3480809, -3480864] 5.0
[3480809, -3480862] 13.0
[3480809, -3480859] 12.65
[3480809, -3480860] 24.6
[3480809, -3480857] 17.25
[3480820, -3480827] 1.0
[3480809, -3480867] 8.0
[3480809, -3480879] 10.0
[3480809, 3480923] 3.0
[3480809, -3481134] 1.0
[3480865] 1.0
[3480809, -3480887] 1.0
[3480809, 3480929] 1.0
[3480809, -3481014] 3.0
[3480809, -3480884] 1.0
[3480809, -3480881] 0.8
[3480809, -3481265] 1.0
[3480809, -3481266] 1.0
