[]
[1880764, 693035, 16178, 7091, 1508433, 2676719, 527953, 1107083, 43516]
[2113990]
[3480852, 3480822] 5.0
[] 1.0
[3480852, 3480821] 4.0
[3480852, -3480949] 1.0
[3480852, 3480949] 3.0
[3480866, -3480997] 1.0
[3480866, -3480866] 178.25
[3480866, -3480867] 2.0
[3480852] 15.0
[3481100, -3480822] 1.0
[3480852, 3480956] 1.0
[3480951, -3480951] 274.15000000000003
[3481100, -3480962] 0.35000000000000003
[3480852, 3480827] 1.0
[3481100, -3480831] 1.0
[3481100, -3481100] 9.600000000000001
[3481100, -3480844] 3.0
[3480852, -3480834] 1.0
[3480951, -3480832] 1.0
[3480832, 3480821] 1.0
[3480832, 3480819] 1.0
[3480866, -3480881] 2.0
[3481100, -3480839] 1.0
[3480852, 3480846] 1.0
[3480866, -3480895] 0.30000000000000004
[3480852, 3480844] 0.30000000000000004
[3481100, -3480851] 1.0
[3480866, -3480888] 0.1
[3481100] 1.0
[3480852, -3480852] 3.7
[3480951] 1.0
[3480852, -3480848] 1.0
[3480852, 3481054] 4.0
[3480832] 1.0
[3481100, -3480867] 2.0
[3480832, -3480888] 1.0
[3480852, -3480869] 1.0
[3480866, 3480881] 2.0
[3480852, 3480809] 6.0
[3480888, -3480964] 1.0
[3481100, -3480881] 6.0
[3480866, -3480935] 1.0
[3481100, -3481021] 1.0
[3481100, -3481019] 1.0
[3481100, -3480888] 2.8000000000000003
[3481100, 3480881] 2.0
[3481100, -3481027] 1.0
[3480852, -3480889] 1.0
[3480866, -3481064] 1.0
[3480866, -3480822] 0.6000000000000001
[3480951, -3480898] 1.0
[3480832, 3481012] 2.0
[3480866, -3480831] 1.0
[3480866, -3480956] 0.35000000000000003
[3480888] 1.0
[3480866, -3480962] 5.0
[3480866, -3480963] 3.0
[3480866, -3480961] 3.0
[3480888, -3480888] 8.0
[3480866, -3480844] 1407.0
[3480866, -3481100] 0.75
[3480852, 3480864] 2.0
[3480832, 3480844] 0.1
[3480852, 3480869] 3.0
[3480866, -3481111] 0.75
[3480866, -3480980] 1.0
[3480866] 0.05
[3480832, -3480832] 4.65
[3481100, -3480949] 1.0
[3480852, -3480938] 0.2
[3481100, -3480819] 2.0
