[]
[2094735, 2629880, 630840, 285526, 2099778, 1722969, 2111988, 1693460, 2267007]
[2459088]
[3480836, -3480836] 1.25
[] 1.0
[3480836, -3480834] 6.0
[3480836, -3480835] 7.0
[3480844, -3480822] 20.0
[3480863] 1.0
[3480836, -3480838] 2.0500000000000003
[3480844, -3480831] 9.0
[3480844, -3480844] 181.95000000000002
[3480844, -3481100] 15.0
[3480836, 3480954] 1.0
[3480938, -3480938] 1.0
[3480836] 1.0
[3480835] 25.0
[3481004, 3480868] 1.0
[3481004, 3480874] 1.0
[3480844] 2.0
[3480836, -3480869] 2.0
[3480835, -3480835] 14.75
[3480835, -3480836] 1.0
[3480938, 3480809] 0.05
[3480835, -3481090] 13.0
[3480835, -3480834] 1.0
[3480938, -3480952] 1.0
[3480844, -3481111] 17.0
[3480836, -3480874] 1.0
[3480844, -3480866] 181.15
[3480844, -3480867] 2.0
[3480836, 3480914] 1.0
[3480844, -3480864] 7.0
[3480863, 3481099] 1.0
[3480863, -3480939] 2.0
[3480938, 3480822] 1.0
[3480844, -3480870] 1.0
[3481004, 3480831] 1.0
[3480844, -3480871] 1.0
[3480863, 3480850] 1.0
[3480835, -3481113] 1.0
[3480844, -3480881] 5.0
[3480844, -3480878] 1.85
[3480863, 3480933] 0.05
[3480863, -3480837] 2.4000000000000004
[3480836, -3481025] 1.0
[3480863, -3480844] 3.0
[3480867, 3480819] 1.0
[3480941, -3480970] 1.0
[3481004, 3480934] 1.0
[3481004, 3480933] 0.05
[3480863, -3480863] 8.5
[3481004, 3480935] 2.0
[3480863, -3480874] 1.0
[3480938, 3480875] 1.0
[3480863, 3480894] 0.1
[3480836, -3481069] 1.0
[3480844, -3481064] 1.0
[3480844, -3480809] 4.0
[3480867] 1.0
[3481004, -3480917] 1.0
[3480941, 3480809] 2.0
[3480844, -3480956] 7.0
[3480836, -3480962] 1.0
[3480836, 3480809] 2.0
[3480836, -3480972] 2.0
[3480835, -3480941] 0.1
[3480844, -3480962] 6.0
[3480836, 3480811] 2.0
[3480844, -3480963] 5.0
[3480844, -3480961] 3.0
[3480835, 3480846] 2.0
[3480835, 3480853] 3.0
[3480844, -3480971] 1.0
[3480836, 3480826] 1.0
[3480835, 3481113] 1.0
[3480836, -3480974] 4.0
[3480835, 3480855] 5.0
[3480844, -3480980] 1.0
[3480835, 3480860] 1.0
[3480941, -3480913] 2.0
[3480836, 3480827] 1.0
[3480835, 3480864] 2.0
[3480835, 3481119] 2.0
[3480867, 3480837] 1.0
[3480867, 3480836] 1.0
[3480835, 3480809] 1.6500000000000001
[3480867, 3480838] 1.0
[3480835, 3480812] 2.0
[3481004, -3480837] 2.0
[3480844, -3480997] 2.0
[3480835, 3480811] 0.15000000000000002
[3480835, 3480810] 2.0
[3480938, -3480834] 8.0
[3480835, -3480970] 7.0
[3480938, -3481088] 1.0
[3480835, 3480821] 2.0
[3480835, 3480822] 1.0
[3480941, 3480864] 1.0
[3480836, -3481020] 2.0
[3480941] 1.0
[3480835, 3480827] 5.0
[3480863, -3480832] 1.0
[3480938] 1.0
[3480863, 3480988] 12.0
[3480941, -3480941] 0.1
[3480835, -3480869] 3.0
[3480836, 3480869] 2.0
[3480844, -3480888] 0.1
[3480844, 3480881] 2.0
[3480941, -3480835] 1.7000000000000002
[3480835, -3481131] 5.3500000000000005
[3480835, 3480913] 3.0
[3480844, -3480895] 11.0
[3481004, -3481004] 1.5
[3480836, -3480915] 1.0
[3480863, 3480821] 1.0
[3480836, -3480913] 1.0
[3480863, 3480819] 0.05
[3480863, -3480988] 6.0
[3480835, 3480869] 3.0
[3480863, 3481025] 1.0
[3480835, 3480867] 1.0
[3480941, 3480913] 1.0
[3480836, -3480938] 0.15000000000000002
[3480835, 3480875] 1.0
[3481004, 3481012] 1.0
[3480836, -3480936] 1.3
[3480836, -3480937] 1.0
[3480863, -3481004] 14.0
[3480941, -3481131] 0.05
[3480836, -3480949] 1.0
[3480867, 3480915] 1.0
[3480836, -3480944] 1.0
[3480835, -3480913] 4.0
[3481004, 3481025] 1.0
[3480844, -3480935] 2.0
[3480836, 3480864] 1.0
[3481004] 1.0
