[]
[1957581, 2785304, 362583, 1980797, 1668204, 29397, 4207253, 1505676, 2654179]
[1924999]
[] 1.0
[-4295839, -4295857] 5.0
[-4295829, 4295836] 20.0
[-4295829, 4295839] 21.55
[-4295856, -4295846] 1.0
[-4295856, -4295850] 47.400000000000006
[-4295840, -4295836] 9.0
[-4295829, 4295847] 7.0
[-4295840, -4295839] 31.0
[-4295856, -4295827] 12.0
[-4295856, -4295826] 4.0
[-4295856, -4295829] 60.88250000000001
[4295827, 4295829] 0.2
[-4295856, -4295828] 335.0425
[-4295829, 4295827] 1.6050000000000002
[-4295856, -4295837] 250.05
[-4295829, 4295829] 2.1775
[-4295856, -4295839] 5.0
[-4295856, -4295838] 66.0
[-4295856, -4295841] 18.05
[-4295829, 4295833] 16.5
[-4295856, -4295840] 30.5
[-4295828, 4295837] 1.0
[-4295828, 4295847] 4.0
[-4295829, 4295850] 1.85
[-4295827] 3.0
[-4295829] 15.510000000000003
[-4295828] 4.0
[-4295829, 4295856] 7.0
[-4295828, 4295828] 0.05
[-4295829, 4295859] 47.800000000000004
[-4295829, 4295858] 6.0
[-4295837] 21.087500000000002
[-4295839] 23.0
[4295829, 4295849] 4.0
[4295829, 4295848] 1.0
[4295829, 4295856] 7.0
[4295829, 4295859] 1.0
[4295829, 4295829] 0.2
[4295829, 4295831] 1.0
[4295829, 4295835] 5.0
[4295829, 4295836] 12.55
[4295829, 4295838] 8.0
[-4295840, -4295861] 8.5
[-4295840, -4295862] 3.0
[4295829, 4295827] 11.0
[4295827, 4295859] 1.0
[-4295840, -4295845] 21.3
[-4295856, -4295860] 17.95
[-4295840, -4295844] 20.900000000000002
[-4295840, -4295847] 4.0
[-4295840, -4295846] 4.0
[-4295840, -4295857] 1.4050000000000002
[4295829, -4295838] 65.0
[4295829, -4295837] 246.10000000000002
[4295829, -4295840] 27.1
[4295829, -4295839] 5.0
[4295829, -4295841] 18.05
[-4295841, 4295828] 0.5
[-4295860, -4295857] 2.95
[4295829, -4295850] 32.1
[-4295841, 4295837] 12.0
[-4295860, -4295861] 9.0
[4295859] 2.0
[4295829, -4295826] 4.0
[4295829, -4295828] 335.04
[4295829, -4295827] 13.0
[4295829, -4295829] 66.2925
[4295829, -4295833] 1.0
[-4295860, -4295845] 23.0
[-4295860, -4295844] 24.0
[-4295840, 4295826] 54.0
[-4295840, 4295828] 7.5
[-4295841, 4295858] 28.0
[-4295840, 4295827] 34.0
[-4295840, 4295830] 18.0
[-4295840, 4295832] 45.0
[-4295840, 4295834] 76.3
[-4295840, 4295836] 39.0
[-4295840, 4295837] 142.35
[-4295841, 4295841] 0.15000000000000002
[-4295841, 4295840] 11.0
[4295829, -4295860] 17.95
[-4295841, 4295847] 1.0
[-4295841, 4295851] 1.0
[-4295841] 19.0
[-4295829, -4295847] 9.430000000000001
[-4295840] 21.860000000000003
[-4295829, -4295850] 32.0
[-4295860, 4295837] 8.85
[-4295860, 4295840] 1.35
[-4295829, -4295852] 39.400000000000006
[-4295860, 4295839] 3.45
[-4295829, -4295854] 28.6
[-4295860, 4295841] 0.1
[-4295829, -4295853] 26.0
[-4295860, 4295844] 23.0
[-4295829, -4295855] 6.325
[-4295829, -4295858] 29.0
[-4295850] 3.35
[-4295860, 4295845] 24.0
[-4295829, -4295860] 35.0
[-4295860, 4295847] 13.0
[-4295828, 4295852] 1.0
[-4295829, -4295832] 4.0
[-4295856] 1.55
[-4295828, 4295851] 1.0
[-4295829, -4295834] 106.0
[-4295829, -4295833] 9.3
[-4295829, -4295836] 1.35
[-4295828, 4295855] 1.0
[-4295860] 13.15
[-4295860, 4295826] 4.0
[-4295827, 4295827] 5.0
[-4295829, -4295837] 91.45
[-4295860, 4295828] 3.5500000000000003
[-4295827, 4295829] 5.0
[-4295829, -4295840] 50.45
[-4295860, 4295827] 46.0
[-4295829, -4295839] 407.0
[-4295829, -4295842] 18.0
[-4295860, 4295832] 1.0
[-4295860, 4295834] 8.55
[-4295829, -4295826] 130.0
[-4295829, -4295827] 10.25
[-4295829, -4295829] 15.6875
[-4295860, 4295851] 2.0
[-4295860, -4295862] 3.0
[-4295860, 4295854] 1.7000000000000002
[4295827] 6.0
[-4295860, 4295853] 1.85
[-4295860, 4295855] 3.6500000000000004
[4295829] 0.2
[-4295860, 4295858] 53.0
[-4295827, 4295859] 2.0
[-4295860, 4295857] 13.75
[-4295860, 4295860] 4.7
[-4295860, 4295859] 36.0
[-4295860, 4295862] 6.0
[4295836] 1.0
[-4295860, 4295861] 10.0
[-4295837, 4295827] 35.0
[-4295837, 4295826] 47.0
[-4295837, 4295828] 6.3500000000000005
[-4295837, 4295830] 31.0
[-4295837, 4295832] 95.0
[-4295837, 4295834] 7.425000000000001
[-4295837, 4295836] 2.0
[-4295837, 4295839] 7.65
[-4295837, 4295841] 1.5
[-4295837, 4295840] 57.400000000000006
[-4295837, 4295859] 10.950000000000001
[-4295837, 4295858] 19.150000000000002
[-4295837, 4295861] 2.45
[-4295837, 4295860] 5.15
[-4295837, 4295862] 44.0
[-4295837, 4295842] 17.900000000000002
[-4295837, 4295845] 22.55
[-4295837, 4295844] 1.0875000000000001
[-4295837, 4295847] 3.0900000000000003
[-4295837, 4295846] 23.0
[-4295837, 4295851] 2.0
[-4295837, 4295853] 4.78
[-4295837, 4295852] 2.1900000000000004
[-4295837, 4295855] 10.4
[-4295837, 4295854] 4.9
[-4295837, 4295857] 1.9175000000000002
[-4295850, -4295836] 2.0500000000000003
[4295827, -4295839] 3.0
[-4295840, 4295855] 10.65
[-4295850, -4295839] 22.0
[-4295840, 4295858] 18.2
[-4295839, 4295827] 1.0
[-4295840, 4295857] 3.3850000000000002
[-4295840, 4295860] 2.6500000000000004
[-4295840, 4295859] 36.0
[-4295839, 4295828] 0.25
[-4295840, 4295862] 70.0
[-4295840, 4295861] 3.25
[-4295856, 4295848] 5.0
[4295827, -4295850] 6.0
[-4295856, 4295849] 4.0
[-4295839, 4295837] 0.8
[-4295839, 4295839] 3.6
[-4295840, 4295839] 7.9625
[-4295840, 4295842] 17.25
[-4295840, 4295841] 4.05
[-4295840, 4295844] 20.900000000000002
[-4295856, 4295827] 11.0
[4295827, -4295827] 0.05
[-4295840, 4295846] 25.0
[-4295856, 4295829] 0.25
[4295827, -4295829] 14.0
[-4295840, 4295845] 30.150000000000002
[-4295856, 4295831] 16.0
[-4295840, 4295847] 13.100000000000001
[-4295856, 4295836] 95.4
[-4295840, 4295852] 10.15
[-4295856, 4295835] 5.0
[-4295840, 4295851] 2.0
[-4295856, 4295838] 8.0
[-4295840, 4295854] 6.300000000000001
[-4295840, 4295853] 58.6
[-4295839, 4295857] 12.0
[-4295839, 4295858] 2.0
[-4295856, 4295856] 13.0
[-4295839, 4295840] 5.0
[-4295856, 4295859] 1.0
[-4295839, 4295851] 2.0
[4295836, 4295850] 1.0
[-4295839, 4295855] 4.0
[-4295850, 4295850] 10.450000000000001
[-4295850, 4295829] 0.9500000000000001
[4295836, -4295836] 3.0
[-4295850, -4295858] 165.0
[-4295837, -4295857] 0.8800000000000001
[-4295837, -4295861] 5.2
[-4295837, -4295839] 16.0
[-4295837, -4295844] 1.0975000000000001
[-4295837, -4295846] 1.0
[-4295837, -4295845] 22.85
