[]
[1598297, 630840, 1620076, 535517, 2821068, 2821442, 656243, 2163770, 40763]
[2636094]
[3480852, 3480822] 1.0
[] 1.0
[3480852, 3480821] 1.0
[3480852, -3480949] 0.25
[3480852] 14.0
[3480852, -3481071] 0.2
[-3480876, 3480852] 13.0
[3480852, -3481021] 1.0
[3480852, 3480827] 0.1
[3480848, 3480951] 1.0
[3480852, -3480836] 0.15000000000000002
[3480852, -3480834] 0.2
[3480852, -3480835] 0.65
[3480852, -3481025] 1.0
[3480852, -3480970] 1.0
[3480852, 3480844] 0.35000000000000003
[3480848] 0.05
[3480852, -3480838] 0.05
[3480852, -3480852] 0.30000000000000004
[-3480876, 3480951] 1.0
[3480848, 3480852] 13.0
[3480852, 3481054] 0.15000000000000002
[3480852, 3480860] 1.0
[3480852, 3480864] 1.0
[3480852, 3480869] 1.0
[3480852, -3480869] 1.0
[3480852, -3480867] 1.0
[3480852, 3480810] 0.05
[3480852, 3480809] 1.0
[3480852, -3481133] 1.0
[-3480876] 0.05
[3480852, 3480812] 0.05
[3480852, -3480938] 0.25
[3480852, -3480874] 1.0
[3480852, 3480811] 2.0
[3480852, -3480936] 0.45
[3480852, -3481065] 0.30000000000000004
