[]
[307878, 39411, 3882557, 3077126, 3774801, 3220747, 2148234, 38860, 23709]
[2337626]
[] 1.0
[4295851] 1.0
[4295834, 4295829] 1.0
[4295853] 1.0
[4295855] 1.0
[4295858] 1.0
[4295859] 1.0
[4295834, -4295853] 1.2000000000000002
[4295855, 4295859] 1.0
[4295828, -4295860] 48.25
[4295828, -4295839] 1.0
[4295828, 4295843] 0.30000000000000004
[4295828, -4295838] 2.7
[4295834, -4295832] 4.0
[4295828, -4295841] 14.950000000000001
[4295828, -4295840] 5.1000000000000005
[4295834, -4295834] 4.3500000000000005
[4295828, -4295843] 0.30000000000000004
[4295828, 4295848] 1.0
[4295851, -4295851] 82605.65000000001
[4295834, -4295839] 1.6
[4295828, 4295849] 9.0
[4295837, 4295829] 3.0
[4295853, -4295853] 0.05
[4295855, -4295854] 1.0
[4295834, -4295842] 1.4000000000000001
[4295828, 4295856] 1.0
[4295828, -4295850] 8.3
[4295855, -4295855] 0.7000000000000001
[4295828, 4295827] 13.15
[4295828] 1.0
[4295858, -4295858] 22.950000000000003
[4295828, 4295829] 1.0
[4295828, -4295827] 3.0
[4295853, -4295834] 2.0
[4295828, -4295826] 4.0
[4295828, 4295831] 1.25
[4295828, -4295829] 2286.1
[4295855, 4295829] 3.0
[4295828, -4295828] 2572.8
[4295828, 4295836] 3.9000000000000004
[4295834] 33.0
[4295828, 4295835] 4.0
[4295828, 4295838] 6.0
[4295853, -4295839] 0.05
[4295837] 1.0
[4295828, -4295837] 39.5
