[]
[1280368, 2291382, 119252, 6455, 276062, 1586067, 1705302, 2178910, 4220607]
[690992]
[4295844, 4295828] 0.05
[] 1.0
[4295837, -4295829] 269.95
[4295844] 1.0
[4295837, -4295837] 388.40000000000003
[4295837, -4295840] 201.60000000000002
[4295844, 4295837] 1.0
[-4295845, 4295828] 0.15000000000000002
[4295851] 1.0
[4295837, -4295839] 1.0
[4295844, 4295840] 1.0
[4295853] 9.0
[-4295844, -4295844] 1.0
[4295855] 1.0
[4295834, -4295853] 1.0
[4295855, 4295859] 1.0
[4295837, -4295826] 1.0
[4295828, -4295839] 3.0
[-4295845, 4295851] 2.0
[4295828, -4295838] 5.800000000000001
[4295828, -4295841] 134.55
[4295828, -4295840] 35.65
[4295828, -4295843] 0.30000000000000004
[4295839, 4295829] 0.15000000000000002
[-4295844, 4295828] 0.05
[4295853, -4295853] 0.05
[4295828, -4295850] 14.25
[-4295845, 4295834] 6.0
[-4295845, 4295837] 2.0
[4295853, -4295832] 3.0
[4295828, -4295827] 14.0
[4295837, -4295850] 2.15
[4295853, -4295834] 51.0
[4295855, 4295827] 1.0
[4295828, -4295826] 7.0
[4295828, -4295829] 8932.35
[4295855, 4295829] 0.15000000000000002
[4295828, -4295828] 20232.350000000002
[-4295845, 4295840] 1.0
[4295828, -4295833] 2.0
[-4295845, 4295845] 0.05
[4295837, -4295856] 1.0
[-4295845, 4295844] 2.0
[4295853, -4295839] 0.4
[4295853, -4295842] 5.0
[4295828, -4295837] 232.15
[4295837, -4295860] 56.85
[-4295844, 4295851] 1.0
[-4295845] 2.0
[4295839, -4295832] 1.0
[-4295844] 1.0
[4295837, 4295859] 1.0
[4295839, -4295834] 24.0
[4295834, 4295829] 0.05
[4295839, -4295839] 0.6000000000000001
[4295839, -4295842] 3.0
[-4295844, 4295837] 1.0
[-4295844, 4295840] 1.0
[4295828, -4295860] 153.45000000000002
[4295844, -4295844] 1.0
[-4295844, 4295844] 1.0
[-4295844, 4295847] 1.0
[4295828, 4295843] 0.30000000000000004
[4295834, -4295834] 12.0
[4295828, 4295848] 2.0
[4295851, -4295851] 82605.65000000001
[4295855, -4295847] 2.0
[4295837, 4295827] 5.2
[4295828, 4295849] 11.0
[4295837, 4295829] 0.5
[4295855, -4295854] 11.0
[4295834, -4295842] 1.0
[4295828, 4295856] 2.0
[-4295845, -4295844] 2.0
[4295855, -4295855] 9.25
[-4295845, -4295845] 2.0
[4295844, 4295844] 1.0
[4295828, 4295827] 1.1500000000000001
[4295828] 0.1
[4295828, 4295829] 1.0
[4295828, 4295831] 9.0
[4295844, 4295847] 1.0
[4295828, 4295836] 127.10000000000001
[4295834] 1.0
[4295853, 4295829] 0.1
[4295828, 4295835] 4.0
[4295844, 4295851] 1.0
[4295828, 4295838] 0.5
[4295839, -4295853] 0.15000000000000002
[4295837] 1.0
[4295839] 4.0
