[]
[5232, 565706, 4271417, 172795, 37226, 466876, 383737, 832851, 3499114]
[3362700]
[] 1.0
[4295829, -4295837] 5.0
[-4295837, 4295826] 2.0
[4295829, -4295840] 2.0
[-4295837, 4295828] 0.2
[-4295850, 4295850] 0.35000000000000003
[4295829, -4295841] 3.0
[-4295837, 4295832] 0.65
[-4295856, -4295850] 0.1
[4295829, -4295850] 0.5
[-4295837, 4295839] 0.6000000000000001
[-4295837, 4295841] 0.05
[-4295837, 4295840] 6.0
[-4295850, 4295829] 0.1
[4295827, 4295829] 0.05
[-4295856, -4295829] 4.800000000000001
[4295859] 1.0
[4295859, -4295859] 1.0
[4295829, -4295829] 20.150000000000002
[-4295829, 4295829] 0.30000000000000004
[-4295856, -4295837] 1.0
[-4295837, 4295858] 2.0
[-4295837, 4295860] 2.0
[-4295840, 4295828] 0.35000000000000003
[-4295840, 4295836] 2.0
[-4295840, 4295837] 0.4
[-4295829, 4295850] 0.25
[-4295837, 4295842] 4.0
[-4295837, 4295845] 4.0
[-4295837, 4295844] 1.0
[-4295829] 20.0
[-4295837, 4295847] 96.0
[-4295829, 4295859] 7.0
[-4295837, 4295851] 2.0
[-4295837, 4295853] 1.3
[-4295837, 4295852] 85.0
[-4295837] 1.85
[-4295829, -4295847] 12.65
[-4295850, -4295836] 4.0
[-4295840] 0.45
[-4295829, -4295850] 0.1
[-4295840, 4295858] 3.0
[-4295829, -4295852] 11.950000000000001
[-4295850] 5.0
[4295829, 4295856] 1.0
[4295829, 4295859] 2.0
[4295829, 4295829] 0.4
[-4295856] 1.0
[-4295829, -4295836] 3.0
[-4295837, -4295844] 1.0
[-4295840, 4295844] 0.25
[-4295829, -4295837] 1.0
[-4295837, -4295845] 0.1
[-4295840, 4295845] 4.0
[-4295856, 4295829] 0.1
[-4295829, -4295839] 1.0
[-4295840, 4295847] 2.0
[-4295840, 4295852] 1.0
[-4295840, 4295851] 2.0
[-4295829, -4295829] 4.8500000000000005
[-4295840, -4295845] 4.0
[4295827] 1.0
[-4295840, -4295844] 0.25
[4295829] 2.0
