[]
[296340, 4219187, 1120661, 3621553, 2949732, 1108026, 401052, 1924887, 4270591]
[48888]
[] 1.0
[4295837, -4295829] 109.15
[4295840, 4295827] 1.0
[4295837, -4295833] 3.0
[4295840, 4295829] 3.0
[4295837, -4295837] 245.4
[4295837, -4295840] 63.400000000000006
[4295851] 1.0
[4295837, -4295839] 1.0
[4295834, -4295853] 23.0
[4295837, -4295826] 0.1
[4295828, -4295839] 3.0
[4295840, -4295826] 1.0
[4295828, -4295838] 6.95
[4295840, -4295829] 6.25
[4295828, -4295841] 145.0
[4295828, -4295840] 37.4
[4295828, -4295843] 0.45
[4295840, -4295837] 3.25
[4295828, -4295850] 26.6
[4295840, -4295840] 5.7
[4295828, -4295827] 13.0
[4295837, -4295850] 23.0
[4295828, -4295826] 8.0
[4295828, -4295829] 9095.7
[4295828, -4295828] 22848.4
[4295828, -4295833] 1.0
[4295828, -4295837] 243.70000000000002
[4295837, -4295860] 13.55
[4295840, -4295860] 3.7
[4295837, 4295859] 1.0
[4295837, 4295858] 3.0
[4295834, 4295829] 1.0
[4295828, -4295860] 158.75
[4295828, 4295843] 0.45
[4295834, -4295832] 11.0
[4295834, -4295834] 6.0
[4295828, 4295848] 2.0
[4295840, 4295859] 1.0
[4295851, -4295851] 82605.65000000001
[4295834, -4295839] 1.1500000000000001
[4295837, 4295827] 14.0
[4295828, 4295849] 2.0
[4295837, 4295829] 5.0
[4295834, -4295842] 17.0
[4295828, 4295856] 2.0
[4295828, 4295827] 24.0
[4295828] 2.0
[4295828, 4295829] 1.0
[4295828, 4295831] 8.0
[4295828, 4295836] 123.80000000000001
[4295834] 26.0
[4295828, 4295835] 2.0
[4295828, 4295838] 0.65
[4295837] 1.0
[4295840] 1.0
