[]
[10480, 319604, 891804, 36097, 1470501, 1790014, 1007110, 2498140, 297050]
[164792]
[-4295839, 4295857] 1.0
[] 1.0
[-4295839, -4295857] 0.15000000000000002
[-4295839, 4295859] 0.15000000000000002
[-4295839, 4295858] 0.1
[-4295839, 4295828] 0.15000000000000002
[-4295839, 4295837] 0.65
[-4295839, 4295839] 4.4
[-4295839, 4295840] 0.1
[-4295839, -4295844] 0.15000000000000002
[-4295839, 4295842] 0.25
[-4295839, 4295844] 0.15000000000000002
[-4295839, 4295851] 2.0
[-4295839] 17.0
[-4295839, 4295855] 1.0
