[]
[239571, 2450726, 1120661, 854329, 2291382, 52487, 422492, 276062, 2173]
[726437]
[4295829, -4295838] 5.65
[] 1.0
[4295829, -4295837] 212.8
[-4295839, -4295857] 1.0
[4295829, -4295840] 29.8
[4295829, -4295839] 3.0
[4295829, 4295849] 2.0
[4295829, -4295841] 130.95000000000002
[4295829, 4295848] 1.0
[-4295839, 4295828] 0.15000000000000002
[4295829, -4295843] 0.15000000000000002
[4295829, -4295850] 6.9
[-4295839, 4295837] 0.35000000000000003
[4295829, 4295856] 1.0
[-4295839, 4295839] 4.95
[4295829, 4295831] 7.0
[-4295839, -4295844] 0.2
[4295829, -4295826] 0.2
[4295829, -4295828] 19627.850000000002
[4295829, 4295835] 2.0
[4295829, -4295827] 0.65
[4295829, -4295829] 8652.7
[4295829, 4295836] 123.4
[4295829, 4295838] 0.30000000000000004
[4295829, -4295833] 1.0
[4295829, 4295843] 0.15000000000000002
[-4295839, 4295859] 1.0
[-4295839, 4295858] 4.0
[-4295839, 4295860] 3.0
[4295829, 4295827] 1.05
[-4295839, 4295840] 1.0
[-4295839, 4295842] 2.0
[-4295839, 4295845] 1.0
[4295829] 0.05
[-4295839, 4295844] 0.2
[4295829, -4295860] 150.5
[-4295839, 4295851] 2.0
[-4295839] 15.0
[-4295839, 4295855] 3.0
