[]
[155347, 35912, 1165691, 170937, 480235, 91551, 117855, 47007, 23679]
[188548]
[] 1.0
[4295837, -4295829] 0.45
[4295840, -4295860] 4.0
[4295840, 4295829] 0.15000000000000002
[4295837, -4295837] 2.5
[4295837, -4295840] 0.25
[4295851] 1.0
[4295834, 4295829] 1.0
[4295834, -4295853] 0.75
[4295828, -4295860] 3.25
[4295828, 4295843] 1.0
[4295828, -4295838] 2.95
[4295834, -4295832] 0.4
[4295840, -4295829] 1.6
[4295828, -4295841] 0.8575000000000002
[4295828, -4295840] 1.0175
[4295834, -4295834] 2.5500000000000003
[4295851, -4295851] 801.8175000000001
[4295834, -4295839] 1.4000000000000001
[4295828, 4295849] 0.45
[4295837, 4295829] 1.0
[4295840, -4295837] 2.45
[4295834, -4295842] 0.6000000000000001
[4295828, 4295856] 1.0
[4295828, -4295850] 0.6075
[4295840, -4295840] 1.35
[4295828, 4295827] 0.25
[4295828] 2.0
[4295828, -4295827] 2.0
[4295837, -4295850] 2.0
[4295828, 4295831] 1.0
[4295828, -4295826] 0.1
[4295828, -4295829] 84.27250000000001
[4295828, -4295828] 518.4025
[4295828, 4295836] 2.5850000000000004
[4295834] 18.0
[4295828, 4295835] 2.0
[4295828, -4295833] 1.0
[4295828, 4295838] 0.35000000000000003
[4295837] 1.0
[4295840] 1.0
[4295828, -4295837] 6.315000000000001
[4295837, -4295860] 1.0
