[]
[2111296, 2809211, 630840, 564781, 2770941, 2638352, 1038641, 1384875, 1746133]
[46177]
[3480836, -3480836] 1.0
[] 1.0
[3480852, -3480949] 3.0
[3480863, -3480901] 2.0
[3480852] 13.0
[3480863] 1.0
[3480836, -3480838] 1.0
[3480835, 3480846] 0.2
[3480836, 3480822] 2.0
[3480838] 2.0
[3480852, -3480834] 1.1500000000000001
[3480852, -3480835] 0.2
[3480863, -3481173] 12.9
[3480863, -3480917] 2.0
[3480836] 1.0
[3480835] 3.0
[3480852, -3480972] 1.0
[3480852, 3480846] 1.0
[3480835, 3481119] 1.0
[3480852, -3480839] 0.9
[3480852, -3480852] 4.0
[3480863, -3480937] 1.0
[3480863, -3480938] 0.05
[3480835, -3480835] 0.65
[3480863, 3480831] 3.0
[3480835, 3480809] 0.25
[3480835, -3481090] 1.0
[3480835, -3480834] 1.0
[3480838, -3481181] 0.75
[3480838, -3480938] 0.1
[3480838, 3480846] 0.1
[3480835, 3480811] 1.0
[3480863, -3481071] 4.0
[3480835, -3480970] 0.7000000000000001
[3480863, 3480972] 2.0
[3480863, -3480939] 25.8
[3480863, 3481099] 3.0
[3480852, -3480855] 1.0
[3480852, -3480869] 1.0
[3480863, 3480974] 1.0
[3480852, 3480809] 1.0
[3480863, -3480822] 4.0
[3480835, 3480822] 2.0
[3480863, -3480962] 3.0
[3480852, 3480812] 0.05
[3480838, -3480834] 3.0
[3480835, -3480869] 1.0
[3480863, 3480933] 0.05
[3480863, -3480837] 15.850000000000001
[3480838, 3480809] 0.15000000000000002
[3480863, -3480836] 4.0
[3480838, -3480838] 0.1
[3480838, -3480836] 0.1
[3480863, 3480821] 1.0
[3480863, 3480819] 0.05
[3480863, -3480863] 73.5
[3480863, -3480988] 2.0
[3480835, 3480869] 1.0
[3480863, -3480874] 2.0
[3480863, -3480871] 1.0
[3480863, -3481125] 1.0
[3480863, 3480901] 2.0
[3480863, -3480998] 5.15
[3480863, -3481126] 1.0
[3480863, -3480870] 1.0
[3480863, -3480867] 3.0
[3480852, 3480855] 1.0
[3480863, -3480996] 5.0
[3480836, -3480938] 0.1
[3480836, -3480936] 0.15000000000000002
[3480863, -3481004] 1.35
[3480863, -3481012] 2.0
[3480863, -3481025] 10.0
[3480852, -3480938] 0.8500000000000001
[3480852, -3481065] 1.0
