[]
[2795544, 2644635, 874414, 1851071, 1514755, 954118, 541348, 2222380, 3422523]
[595370]
[3480933, -3481283] 0.25
[] 1.0
[3480933, -3481284] 0.15000000000000002
[3480933, -3481281] 1.0
[3480935, -3480831] 0.35000000000000003
[3480974, -3481012] 0.6000000000000001
[3480934, -3481322] 1.0
[3480934, -3480811] 0.08712500000000001
[3480974, -3481027] 1.0
[3480934, -3480808] 1.0
[3480931, -3481227] 0.25
[3480972, -3480962] 1.35
[3480934, -3480809] 4.875781250000002E-6
[3480974, -3481025] 0.14250000000000002
[3480933, -3481285] 0.15000000000000002
[3480974, -3481020] 1.0
[3480972, -3480972] 0.016543750000000003
[3480934, -3480819] 0.65
[3480931, -3481238] 1.0
[3480935, -3480844] 3.0
[3480934, -3480813] 7.509375000000003E-4
[3480934, -3480822] 2.0
[3480831, -3481213] 1.0
[3480972, -3480974] 0.45
[3480974, -3481036] 1.0
[3480972, -3480975] 1.0
[3480935, -3480864] 1.0
[3480934, -3480833] 1.0
[3480933, -3481311] 1.0
[3480933, -3481312] 0.2
[3480934, -3480831] 1.0
[3480934, -3480828] 0.9275000000000001
[3480933, -3480811] 0.046500000000000014
[3480972, -3480996] 2.0
[3480933, -3480812] 1.4014062500000005E-4
[3480933, -3480809] 9.162500000000003E-4
[3480933, -3480810] 0.009700000000000004
[3480974, -3481054] 2.0
[3480935, -3480867] 1.0
[3480933, -3480819] 8.152968750000002E-4
[3480934, -3480846] 4.771875000000002E-5
[3480931, -3481266] 1.0
[3480933, -3480813] 9.175000000000001E-4
[3480934, -3480844] 2.0
[3480934, -3480845] 1.0
[3480934, 3480960] 1.0
[3480933, -3480828] 0.15000000000000002
[3480934, -3480859] 1.7650000000000003
[3480972, -3481010] 1.0
[3480934, -3480857] 0.20087500000000005
[3480933, -3480824] 1.0
[3480934, -3480855] 5.0
[3480974, -3481071] 3.0
[3480933, -3480822] 0.9500000000000001
[3480934, -3480853] 0.31750000000000006
[3480974, 3480813] 0.2
[3480974, 3480819] 0.05
[3480933, -3481227] 0.25
[3480974, -3480962] 0.65
[3480974, 3480821] 0.4
[3480974, 3480831] 3.0
[3480934, -3481265] 4.0
[3480931, 3481147] 1.0
[3480974, -3480976] 2.0
[3480974, -3480974] 3.0
[3480974, -3480972] 1.0
[3480933, -3481238] 1.0
[3480931, -3481198] 0.05
[3480972, -3480930] 4.0
[3480972, -3481441] 2.0
[3480974, -3480988] 0.6000000000000001
[3480974, -3480989] 1.0
[3480933, -3481266] 1.0
[3480974, -3480998] 0.55
[3480974, -3480996] 0.6125
[3480935, -3480825] 3.0
[3480931, -3481212] 1.0
[3480935, -3480822] 1.9000000000000001
[3480974, -3481004] 0.035375000000000004
[3480931, 3480930] 2.0
[3480934, -3481180] 0.1
[3480972, -3480822] 0.6600000000000001
[3480933, 3480881] 0.30000000000000004
[3480933, 3480884] 1.0
[3480934, -3481198] 0.5
[3480934, -3481199] 3.0
[3480931, -3481104] 0.45
[3480974, -3480901] 0.35000000000000003
[3480972, -3480852] 1.0
[-3480911, -3480939] 1.0
[3480931, -3481115] 2.0
[3480974, -3480910] 1.0
[3480931, -3481111] 1.0
[3480934, -3481227] 4.0
[3480972, -3480869] 1.0
[3480933, 3480850] 1.0
[3480934, 3480819] 0.05
[3480934, 3480824] 0.1
[3480974, -3480938] 1.9000000000000001
[3480934, 3480823] 2.0
[3480974, -3480939] 0.005006250000000001
[3480931, -3481139] 0.15000000000000002
[3480972, -3480874] 1.0
[3480974, -3480936] 0.5
[3480934, 3480821] 1.0
[3480974, -3480937] 0.0625
[3480933, -3481198] 0.05
[3480931, 3480918] 1.0
[3480934, -3481242] 1.0
[3480933, -3481212] 1.0
[3480931, 3480929] 1.0
[-3480911, -3480911] 0.05
[3480931, -3481027] 2.0
[3480974, -3480825] 1.0
[3480974, -3480822] 0.6000000000000001
[3480931, -3481024] 0.4
[3480931, -3481038] 0.25
[3480974, -3480835] 1.0
[3480974, -3480832] 4.0
[-3480890, 3480911] 1.0
[3480974, -3480831] 4.0
[3480931, -3481045] 1.0
[3480934, -3481139] 0.037500000000000006
[3480974, -3480841] 0.6000000000000001
[3480974, -3480838] 1.0
[3480933, -3481104] 0.45
[3480934, 3480923] 4.0
[3480974, -3480839] 1.0
[3480974, -3480836] 1.7000000000000002
[3480831, -3481012] 1.0
[3480974, -3480837] 0.685
[3480933, -3481115] 2.0
[3480933, -3481111] 1.0
[3480934, 3480929] 1.0
[-3480890, 3480937] 0.1
[3480974, -3480855] 1.0
[3480974, -3480852] 0.45
[3480931, -3481070] 0.002162500000000001
[3480974, -3480867] 2.0
[3480931, -3481065] 1.0
[3480974, -3480863] 0.21950000000000003
[-3480911, -3480958] 0.05
[3480934, 3480881] 1.0
[3480933, -3481139] 0.15000000000000002
[3480974, -3480874] 0.14500000000000002
[3480933, 3480918] 1.0
[-3480911, -3480962] 1.0
[3480931, -3481076] 3.0
[3480972, -3480808] 2.0
[3480974, -3480881] 0.05
[3480933, 3480930] 2.0
[3480931, -3481082] 3.0
[3480933, 3480929] 1.0
[3480974, -3480876] 1.0
[3480933, -3481027] 2.0
[3480974, 3481007] 1.0
[3480933, -3481024] 0.4
[3480934, -3481055] 0.05
[3480931, -3480962] 0.35000000000000003
[3480831, -3480932] 1.0
[-3480890, 3480852] 0.1
[-3480890, -3480939] 1.0
[3480934, -3481063] 5.0
[3480931, -3480979] 0.45
[3480934, -3481070] 1.0
[3480931, 3480823] 1.0
[3480933, -3481038] 0.25
[3480935, -3481100] 1.0
[3480974, 3481025] 0.25
[3480935, -3481111] 1.0
[-3480911] 0.15000000000000002
[3480933, -3481045] 1.0
[3480934, -3481076] 0.1
[3480821] 1.0
[3480974, 3480974] 1.0
[3480931, -3481006] 0.45
[3480933, -3481065] 1.0
[3480934, -3481097] 0.05
[3480831] 1.0
[3480974, 3480988] 0.55
[3480931, -3481002] 0.7000000000000001
[3480934, -3481093] 0.5
[-3480890] 2.0
[3480933, -3481076] 3.0
[3480931, -3481014] 0.1
[3480934, -3481104] 3.5500000000000003
[-3480890, 3480890] 0.65
[3480934, -3481100] 6.0
[3480933, -3481070] 0.002162500000000001
[3480974, 3480998] 1.0
[3480933, -3481082] 3.0
[3480931, -3481018] 2.0
[3480931, -3480902] 0.18000000000000002
[3480933, -3480962] 0.35000000000000003
[3480934, -3481002] 1.0
[3480931, -3480909] 1.0
[3480931, 3480881] 0.30000000000000004
[-3480911, -3480863] 0.35000000000000003
[3480931, -3480903] 0.34500000000000003
[3480933, -3480979] 0.45
[3480933, 3480823] 1.0
[3480934, -3481011] 2.0
[3480931, 3480884] 1.0
[3480931, -3480916] 0.3400000000000001
[3480934, -3481006] 0.5850000000000001
[3480934, -3481007] 0.05
[3480934, -3481018] 1.0
[3480931, -3480926] 1.0
[3480934, -3481014] 0.2
[3480931, -3480922] 1.0
[3480931, -3481434] 1.0
[-3480911, -3480879] 1.0
[3480974, 3481099] 3.0
[3480934, -3481013] 1.0
[-3480911, 3480937] 0.15000000000000002
[3480931, -3480933] 3.5125000000000016E-4
[3480931, -3480934] 2.4000000000000004
[3480934, -3481024] 1.05
[3480931, -3480931] 8.953125000000002E-6
[3480931, -3480932] 0.4650000000000001
[3480934, -3481022] 2.0
[3480931, -3480942] 1.0
[3480933, -3481002] 0.7000000000000001
[3480934, -3481033] 0.1
[3480934, -3481031] 0.55
[-3480911, 3480966] 2.0
[3480931, 3480850] 1.0
[-3480890, 3480821] 2.0
[3480933, -3481006] 0.45
[3480933, -3481018] 2.0
[3480931, -3480956] 1.0
[3480934, -3481046] 1.3
[3480931, -3480953] 0.30000000000000004
[3480933, -3481014] 0.1
[3480935, -3480962] 1.0
[3480934, -3480931] 1.2000000000000002
[-3480911, 3480852] 0.15000000000000002
[-3480911, 3480850] 0.1
[3480934, -3480924] 1.0
[3480931, -3480831] 2.0
[3480933, -3480894] 0.038125000000000006
[3480974, 3480881] 2.0
[3480931, -3480846] 0.005206250000000002
[3480931, -3480844] 1.0
[3480933, -3480903] 0.34500000000000003
[3480934, -3480934] 2.1156250000000005E-4
[3480934, -3480935] 1.0
[3480935, -3480963] 1.0
[3480934, -3480932] 0.5100000000000001
[3480933, -3480902] 0.18000000000000002
[3480934, -3480933] 0.4
[3480931, -3480853] 1.05
[3480933, -3480916] 0.3400000000000001
[3480974, 3480894] 1.0
[3480934, -3480945] 0.75
[3480933, 3481147] 1.0
[3480931, -3480850] 0.35000000000000003
[3480933, -3480909] 1.0
[3480935, -3480971] 0.00875
[3480931, -3480848] 3.0
[3480974] 7.0
[3480931, -3480862] 1.25
[3480931, -3480859] 0.18000000000000002
[3480831, -3480831] 1.125
[3480933, -3480922] 1.0
[3480933, -3481434] 1.0
[3480931, -3480860] 0.12787500000000004
[3480931, -3480857] 0.525
[3480972, -3481105] 3.0
[3480931, -3480855] 2.0
[3480972] 1.0
[3480934, -3480949] 1.0
[3480933, -3480931] 8.953125000000002E-6
[3480934, -3480962] 0.30000000000000004
[3480933, -3480932] 0.4650000000000001
[3480931, -3480867] 2.0
[3480972, -3481112] 1.0
[3480931, -3481378] 1.0
[3480933, -3480926] 1.0
[3480931, -3480864] 2.0
[3480931, -3480876] 1.0
[3480931, -3481386] 1.0
[3480933, -3480933] 3.5125000000000016E-4
[3480974, -3481180] 2.0
[3480933, -3480934] 2.4000000000000004
[3480934] 1.0
[3480933] 0.05
[3480935, -3481007] 0.5
[3480931, -3480883] 2.0
[3480931, 3481171] 1.0
[3480935] 1.0
[3480931, -3480881] 0.55
[3480931, -3480879] 0.32000000000000006
[3480931, -3481391] 1.0
[3480933, -3480942] 1.0
[3480931] 0.05
[3480933, -3480956] 1.0
[3480931, -3480894] 0.038125000000000006
[-3480911, 3480911] 0.0625
[3480933, -3480953] 0.30000000000000004
[3480931, -3480887] 1.77
[3480974, 3480874] 1.0
[3480931, -3481285] 0.15000000000000002
[3480934, -3480867] 1.2000000000000002
[3480934, -3480864] 1.25
[3480931, -3481283] 0.25
[3480931, -3481284] 0.15000000000000002
[3480933, -3480831] 2.0
[3480934, -3480862] 0.7000000000000001
[3480931, -3481281] 1.0
[3480934, -3480860] 0.19362500000000005
[3480933, -3480844] 1.0
[3480972, -3481025] 1.0
[3480934, -3480883] 0.30000000000000004
[3480974, 3480958] 0.35000000000000003
[3480933, -3480850] 0.35000000000000003
[3480934, -3480881] 0.08000000000000002
[3480933, -3480848] 3.0
[3480934, -3480879] 1.3
[3480933, -3480846] 0.005206250000000002
[3480933, -3480859] 0.18000000000000002
[3480933, -3480860] 0.12787500000000004
[3480933, -3480857] 0.525
[3480933, -3480855] 2.0
[3480974, 3480972] 0.45
[3480934, -3480887] 0.15000000000000002
[3480974, 3480971] 6.0
[3480933, -3480853] 1.05
[3480934, -3480884] 1.0
[3480933, -3480867] 2.0
[3480974, 3480910] 4.0
[3480933, -3481378] 1.0
[-3480911, 3480821] 3.0
[3480934, -3480894] 1.2600000000000002
[3480933, -3480864] 2.0
[3480931, -3481311] 1.0
[3480933, -3480862] 1.25
[3480931, -3481312] 0.2
[3480931, -3480813] 9.175000000000001E-4
[3480933, -3480876] 1.0
[3480935, -3480935] 0.28750000000000003
[3480931, -3480811] 0.046500000000000014
[3480933, -3481386] 1.0
[3480931, -3480812] 1.4014062500000005E-4
[3480974, 3480917] 0.25
[3480933, 3481171] 1.0
[3480931, -3480809] 9.162500000000003E-4
[3480934, -3480903] 2.2
[3480931, -3480810] 0.009700000000000004
[3480933, -3480883] 2.0
[3480931, -3480822] 0.9500000000000001
[3480933, -3480881] 0.55
[3480931, -3480819] 8.152968750000002E-4
[3480933, -3480879] 0.32000000000000006
[3480933, -3481391] 1.0
[3480934, -3480910] 1.0
[3480974, 3480932] 0.0075000000000000015
[3480934, -3480922] 1.4500000000000002
[3480974, 3480935] 2.0
[3480974, 3480934] 0.15000000000000002
[3480931, -3480828] 0.15000000000000002
[3480974, 3480933] 0.05
[3480933, -3480887] 1.77
[3480934, -3480918] 0.5
[3480934, -3481430] 2.0
[3480934, -3480919] 0.55
[3480934, -3480916] 3.7
[3480934, -3480917] 3.0
[3480931, -3480824] 1.0
