[]
[4233776, 1656344, 4196210, 172980, 276062, 1256687, 4254748, 6654, 1014688]
[4213174]
[4295844, 4295828] 1.0
[] 1.0
[4295837, -4295829] 1.465
[4295844] 1.0
[4295840, 4295829] 0.2
[4295837, -4295837] 8.88
[4295837, -4295840] 1.0575
[4295844, 4295837] 1.0
[4295851] 1.0
[4295837, -4295839] 1.0
[4295844, 4295840] 1.0
[-4295844, -4295844] 1.0
[4295834, -4295853] 0.75
[4295837, -4295826] 2.0
[4295828, -4295839] 3.0
[4295828, -4295838] 5.65
[4295840, -4295829] 4.3
[4295828, -4295841] 6.827500000000001
[4295828, -4295840] 2.1725000000000003
[4295828, -4295843] 0.15000000000000002
[-4295844, 4295828] 1.0
[4295840, -4295837] 4.45
[4295828, -4295850] 0.885
[4295840, -4295840] 0.21250000000000002
[4295828, -4295827] 15.0
[4295837, -4295850] 0.25
[4295828, -4295826] 4.0
[4295828, -4295829] 461.4175
[4295828, -4295828] 1310.8000000000002
[4295828, -4295833] 1.0
[4295828, -4295837] 15.127500000000001
[4295837, -4295860] 8.1
[-4295844, 4295851] 1.0
[4295840, -4295860] 2.0500000000000003
[-4295844] 1.0
[-4295844, 4295855] 1.0
[-4295844, 4295858] 1.0
[4295837, 4295859] 2.0
[4295834, 4295829] 5.0
[-4295844, 4295837] 1.0
[-4295844, 4295840] 1.0
[4295828, -4295860] 9.165000000000001
[4295844, -4295844] 1.0
[-4295844, 4295844] 1.0
[4295828, 4295843] 0.15000000000000002
[4295834, -4295832] 5.0
[4295834, -4295834] 3.2
[4295828, 4295848] 1.0
[4295840, 4295859] 1.0
[4295851, -4295851] 801.8175000000001
[4295834, -4295839] 0.5
[4295828, 4295849] 2.0
[4295837, 4295829] 3.0
[4295834, -4295842] 0.75
[4295828, 4295856] 2.0
[4295844, 4295844] 1.0
[4295828, 4295827] 1.05
[4295828] 2.0
[4295828, 4295831] 8.0
[4295828, 4295836] 6.345000000000001
[4295834] 18.0
[4295828, 4295835] 2.0
[4295844, 4295851] 1.0
[4295828, 4295838] 0.30000000000000004
[4295844, 4295855] 1.0
[4295837] 1.0
[4295840] 1.0
[4295844, 4295858] 1.0
