[]
[567835, 1643370, 603677, 914811, 2118679, 437628, 1049275, 2122316, 642004]
[1845178]
[3480852, 3480822] 4.0
[3480836, -3480836] 1.4000000000000001
[] 1.0
[3480852, 3480821] 3.0
[3480852, 3480949] 0.30000000000000004
[3480852, -3480949] 3.1
[3480836, -3480834] 0.1
[3480836, -3480835] 3.0
[3480852] 14.0
[3480836, -3480972] 1.0
[3480835, -3480941] 3.0
[3480835, 3480844] 4.0
[3480835, -3481065] 0.1
[3480835, -3480938] 2.0
[3480835, 3480846] 2.0
[3480852, -3480836] 2.5
[3480838] 1.0
[3480835, -3480949] 3.1
[3480836, 3480821] 1.0
[3480852, -3480834] 0.9500000000000001
[3480852, -3481090] 1.0
[3480852, -3480835] 3.45
[3480836] 1.0
[3480835, 3480855] 1.0
[3480835] 3.0
[3480852, -3480972] 1.0
[3480852, 3480846] 2.0
[3480835, 3480860] 2.0
[3480852, 3480844] 4.0
[3480852, -3480970] 1.0
[3480852, -3480838] 0.4
[3480835, -3480952] 1.0
[3480852, -3480852] 0.55
[3480836, -3480996] 1.0
[3480836, -3480869] 1.0
[3480835, -3480838] 0.65
[3480835, -3480835] 4.6000000000000005
[3480852, -3480851] 1.0
[3480835, -3480836] 0.5
[3480835, 3480809] 0.2
[3480835, 3481065] 1.1
[3480852, -3480849] 0.65
[3480835, -3480834] 0.8500000000000001
[3480835, -3481090] 3.0
[3480835, 3480812] 1.0
[3480836, -3480874] 1.0
[3480838, -3480936] 3.0
[3480835, 3480811] 1.0
[3480835, -3480970] 1.0
[3480852, -3480996] 1.0
[3480835, 3480949] 0.30000000000000004
[3480835, 3480821] 2.0
[3480852, -3480869] 5.0
[3480852, -3480867] 1.0
[3480835, -3480849] 0.65
[3480852, 3480809] 0.35000000000000003
[3480852, 3481065] 1.1
[3480835, 3480952] 2.0
[3480852, -3481132] 1.0
[3480852, -3481133] 2.0
[3480852, -3480874] 1.0
[3480852, 3480812] 1.0
[3480835, 3480827] 1.0
[3480852, -3481131] 0.5
[3480835, -3480869] 3.0
[3480836, 3480869] 1.0
[3480835, -3480867] 1.0
[3480836, -3481025] 1.0
[3480852, -3481021] 0.1
[3480835, -3481131] 0.7000000000000001
[3480835, -3480875] 2.0
[3480838, -3480838] 5.0
[3480838, -3480836] 1.0
[3480852, -3481025] 1.0
[3480835, 3480869] 3.0
[3480836, -3480941] 1.0
[3480836, -3480938] 0.25
[3480835, 3480875] 1.0
[3480836, -3480936] 0.9500000000000001
[3480852, 3480869] 4.0
[3480835, -3480913] 1.0
[3480852, -3480941] 3.0
[3480852, -3480938] 0.8500000000000001
[3480852, -3480936] 1.3
[3480852, -3481065] 0.1
