[]
[25763, 528955, 2636475, 2048507, 2782556, 2118679, 332029, 2398703, 5582]
[745892]
[] 1.0
[3480837, -3480996] 1.0
[3480837, -3480868] 2.0
[3480851, 3480850] 1.0
[3480851] 1.0
[3480835, -3480941] 0.45
[3480837, -3481004] 7.0
[3480835, 3480844] 4.0
[3480835, -3481065] 2.0
[3480835, -3480938] 4.0
[3480835, 3480846] 3.0
[3480835, -3480936] 3.0
[3480838] 1.0
[3480835, 3480853] 0.15000000000000002
[3480835, -3480949] 3.0500000000000003
[3480837] 1.0
[3480837, -3481012] 3.0
[3480915, -3480868] 1.0
[3480915, 3480809] 3.0
[3480834] 1.0
[3480835, -3481071] 1.0
[3480835] 15.0
[3480851, 3481133] 2.0
[3480915, 3480812] 1.0
[3480837, -3480888] 4.0
[3480835, 3481119] 1.0
[3480835, -3480952] 2.0
[3480835, -3480838] 1.4500000000000002
[3480835, -3480835] 24.3
[3480835, -3480836] 1.7000000000000002
[3480835, 3480809] 0.7000000000000001
[3480835, 3481065] 1.1
[3480835, -3481090] 6.0
[3480835, -3480834] 1.6500000000000001
[3480835, -3481088] 0.15000000000000002
[3480835, 3480812] 1.0
[3480835, -3480974] 1.0
[3480835, -3480843] 0.9
[3480835, 3480811] 1.0
[3480835, -3480972] 1.0
[3480835, -3480842] 0.9
[3480835, -3480970] 1.0
[3480835, 3480949] 6.0
[3480835, 3480821] 3.0
[3480837, 3481012] 2.0
[3480835, -3480852] 4.0
[3480835, -3480849] 1.75
[3480835, 3480952] 2.0
[3480851, -3480962] 2.0
[3480837, -3480910] 1.0
[3480835, 3480822] 1.0
[3480838, -3480952] 1.0
[3480835, 3480827] 4.0
[3480835, -3481113] 1.0
[3480834, -3480952] 1.0
[3480838, -3480834] 0.1
[3480835, -3480869] 9.0
[3480834, -3480838] 0.05
[3480838, -3480835] 0.25
[3480835, -3480870] 1.35
[3480835, -3480867] 2.0
[3480915, -3480915] 3.0
[3480851, -3480851] 2.0
[3480834, -3480836] 0.05
[3480834, -3480834] 0.1
[3480915, -3481170] 1.0
[3480834, -3480835] 0.25
[3480915] 1.0
[3480837, 3480974] 4.0
[3480835, -3481131] 2.0500000000000003
[3480835, -3480875] 1.0
[3480837, 3480972] 1.0
[3480835, -3481004] 1.0
[3480838, -3480838] 0.05
[3480835, 3480913] 3.0
[3480838, -3480836] 0.05
[3480835, -3480871] 1.35
[3480915, 3480868] 1.0
[3480835, -3481021] 2.0
[3480835, 3480925] 1.0
[3480837, 3480935] 3.0
[3480835, 3480869] 12.0
[3480837, -3480962] 2.0
[3480837, -3480958] 1.0
[3480851, 3481021] 1.0
[3480837, -3480972] 1.0
[3480837, 3480813] 1.0
[3480837, -3480841] 5.15
[3480835, 3480875] 3.0
[3480915, 3480826] 1.0
[3480837, -3480837] 80.45
[3480837, 3480831] 1.0
[3480915, 3480846] 3.0
