[]
[2500741, 1967096, 1835643, 565297, 1317502, 526114, 2802023, 1582326, 2622679]
[2577558]
[] 1.0
[3480809, -3481024] 34.0
[3480809, -3481022] 2.0
[3480809, -3481018] 16.05
[3480809, -3481031] 1.0
[3480809, -3481285] 0.9500000000000001
[3480809, -3481283] 1.25
[3480809, -3481027] 2.0
[3480809, -3481284] 1.1
[-3480834, 3480915] 2.0
[3480809, -3481040] 1.0
[3480809, -3481038] 0.2
[3480809, -3481033] 4.0
[3480809, 3481026] 1.0
[3480809, -3481045] 2.0
[3480809, -3481046] 19.0
[3480822, -3480935] 2.0
[3480809, -3481042] 1.0
[3480822] 2.0
[3480809, -3481311] 0.6000000000000001
[3480809, -3481055] 2.0
[3480809, -3481312] 0.7000000000000001
[3480809, -3481051] 3.0
[3480809, -3481052] 1.0
[3480809, -3481050] 1.0
[3480809, -3481063] 5.0
[3480822, -3480952] 1.0
[3480822, -3480962] 12.0
[3480822, -3480963] 10.0
[3480809, -3480813] 4.565
[3480809, -3481070] 6.800000000000001
[3480809, -3480811] 0.8450000000000002
[3480809, -3481323] 1.0
[3480809, -3481067] 2.0
[3480809, -3480812] 11.490000000000002
[-3480834, 3480941] 2.0
[3480809, -3480809] 20.745000000000005
[3480809, -3480810] 2.7950000000000004
[3480822, -3480971] 2.0
[3480809, -3480824] 1.0
[3480809, -3480822] 12.0
[-3480838, 3480819] 1.0
[3480809, -3480819] 108.8175
[3480809] 2.0
[3480809, -3481076] 3.25
[3480809, -3480818] 1.0
[-3480834, 3480835] 19.0
[-3480834, 3480836] 2.0
[-3480834, 3480834] 4.0
[3480822, -3480844] 2.0
[3480809, -3480953] 10.0
[3480809, -3481209] 1.0
[3480809, 3480819] 1.0
[-3480834, 3480839] 3.0
[3480809, -3480963] 1.0
[-3480834, 3480837] 2.0
[-3480834, 3480838] 2.0
[3480809, -3480962] 4.0
[-3480834, 3480851] 2.0
[3480822, -3480864] 1.0
[-3480834, 3480850] 4.0
[3480809, -3481227] 3.0
[3480809, -3481228] 1.0
[3480809, -3480984] 1.0
[3480809, -3481238] 0.15000000000000002
[3480809, -3480979] 25.85
[3480822, -3480869] 2.0
[3480809, -3480997] 1.0
[3480809, -3481249] 2.0
[3480809, -3481006] 46.0
[3480809, -3481002] 2.7
[3480809, -3481014] 1.0
[3480809, -3481011] 7.0
[3480809, -3481266] 25.0
[3480809, -3480895] 2.0
[-3480836, 3480834] 1.0
[3480809, -3480894] 7.75
[3480809, -3480903] 4.0
[3480809, 3480881] 3.0
[3480809, -3480902] 4.0
[-3480836, 3480838] 1.0
[-3480836, 3480835] 3.0
[3480809, 3480884] 1.0
[3480809, 3481147] 3.0
[3480809, -3480906] 1.0
[3480809, -3480919] 2.0
[-3480838, 3480915] 2.0
[3480809, -3480916] 3.95
[-3480836, 3480851] 1.0
[3480809, -3480926] 2.0
[3480809, -3480922] 1.0
[3480809, -3481434] 1.0
[3480809, -3480935] 1.0
[3480809, 3480850] 0.05
[3480809, -3480933] 21.1
[3480822, -3480825] 1.0
[3480809, -3480934] 35.0
[3480822, -3480822] 15.955000000000002
[3480809, -3480931] 4.800000000000001
[3480809, -3480932] 3.1500000000000004
[-3480834, 3480819] 1.0
[3480809, -3481199] 2.0
[-3480838, 3480941] 2.0
[3480809, -3480942] 1.0
[3480822, -3480831] 6.0
[3480809, -3481207] 17.0
[3480809, -3481204] 1.0
[3480822, -3480836] 2.0
[3480809, -3480945] 4.0
[3480809, -3480831] 2.0
[3480809, -3480828] 24.0
[3480822, -3480972] 4.0
[3480809, -3481082] 2.0
[-3480838, 3480839] 3.0
[-3480838, 3480837] 3.0
[3480809, -3481093] 3.0
[-3480838, 3480838] 2.0
[-3480838, 3480835] 27.0
[-3480838, 3480836] 2.0
[-3480838, 3480834] 4.0
[3480809, -3481103] 2.0
[-3480836] 1.0
[3480809, -3481104] 8.0
[3480809, -3481101] 10.0
[-3480838] 5.0
[3480809, -3480846] 7.3425
[3480809, -3480844] 1.0
[-3480834] 4.0
[3480809, -3480855] 21.0
[3480809, -3480856] 8.0
[3480809, -3480853] 7.5
[-3480838, 3480851] 4.0
[3480809, -3481105] 1.0
[-3480838, 3480850] 4.0
[3480809, -3480850] 13.950000000000001
[3480809, -3480864] 5.0
[3480809, -3480862] 22.700000000000003
[3480809, -3480859] 6.45
[3480809, -3481115] 3.0
[3480809, -3480860] 27.0
[3480809, -3480857] 14.25
[3480809, 3481171] 1.0
[3480809, -3480867] 4.0
[3480809, 3480918] 1.0
[3480809, -3481378] 1.0
[3480809, -3480879] 2.85
[3480809, -3481391] 1.0
[3480809, 3480927] 1.0
[3480809, -3481386] 1.0
[3480809, -3480887] 46.300000000000004
[3480809, 3480930] 4.0
[3480809, 3480929] 1.0
[3480809, -3480883] 8.0
[3480809, -3481139] 9.0
[3480809, -3480881] 1.0625
