[]
[239571, 2450726, 572011, 1120661, 2291382, 52487, 2128776, 422492, 276062]
[37416]
[4295829, -4295838] 5.65
[] 1.0
[4295829, -4295837] 432.8
[4295829, -4295840] 250.05
[4295829, -4295839] 5.0
[4295829, 4295849] 2.0
[4295829, -4295841] 130.95000000000002
[4295829, 4295848] 1.0
[-4295839, 4295828] 0.15000000000000002
[4295829, -4295843] 0.15000000000000002
[4295829, -4295850] 12.850000000000001
[-4295839, 4295837] 0.2
[4295829, 4295856] 1.0
[-4295839, 4295839] 5.050000000000001
[4295829, 4295829] 0.25
[4295829, 4295831] 0.35000000000000003
[-4295839, -4295844] 1.0
[4295829, -4295826] 0.35000000000000003
[4295829, -4295828] 19627.850000000002
[4295829, 4295835] 2.0
[4295829, -4295827] 0.65
[4295829, -4295829] 8763.85
[4295829, 4295836] 123.4
[4295829, 4295838] 0.30000000000000004
[4295829, -4295833] 1.0
[4295829, 4295843] 0.15000000000000002
[-4295839, 4295858] 5.0
[-4295839, 4295860] 1.0
[4295829, 4295827] 1.5
[4295829, -4295856] 1.0
[-4295839, 4295842] 0.4
[-4295839, 4295845] 1.0
[4295829] 0.1
[-4295839, 4295844] 1.0
[4295829, -4295860] 225.70000000000002
[-4295839, 4295851] 2.0
[-4295839, 4295853] 0.2
[-4295839] 23.0
