[]
[12400, 4202226, 2291382, 3478592, 7893, 505745, 79734, 8713, 2462779]
[1516092]
[] 1.0
[4295837, -4295829] 4.0
[4295840, 4295827] 0.7000000000000001
[4295840, 4295829] 1.0
[4295840, 4295831] 1.0
[4295837, -4295837] 7.0
[4295837, -4295840] 3.0
[4295854, -4295855] 31.05
[4295851] 1.0
[4295854, -4295854] 157.0
[4295840, 4295836] 2.5
[4295854] 4.0
[4295840, 4295835] 0.30000000000000004
[4295840, 4295838] 0.6000000000000001
[4295855] 3.0
[4295855, 4295859] 6.0
[4295861] 1.0
[4295854, -4295839] 1.0
[4295840, -4295827] 0.5
[4295855, 4295839] 3.0
[4295840, -4295826] 0.25
[4295828, -4295838] 4.3
[4295840, -4295829] 1258.5500000000002
[4295828, -4295841] 15.100000000000001
[4295840, -4295828] 7441.35
[-4295857, 4295840] 1.0
[4295828, -4295840] 13.4
[4295840, -4295837] 203.85000000000002
[-4295857, 4295851] 1.0
[4295840, -4295838] 4.3
[4295828, -4295850] 13.25
[4295840, -4295841] 15.100000000000001
[4295840, -4295840] 13.4
[4295828, -4295827] 0.5
[4295828, -4295826] 0.25
[4295828, -4295829] 1258.5500000000002
[4295855, 4295829] 6.0
[-4295857, 4295828] 0.15000000000000002
[4295828, -4295828] 7441.35
[4295854, 4295859] 8.0
[-4295857, 4295837] 1.0
[4295828, -4295837] 203.85000000000002
[4295840, -4295860] 21.0
[4295854, 4295839] 3.0
[4295837, 4295859] 2.0
[-4295857] 1.0
[-4295857, 4295855] 1.0
[4295861, 4295861] 1.0
[-4295857, 4295854] 5.0
[-4295857, 4295857] 1.0
[-4295857, -4295861] 12.0
[-4295857, 4295858] 4.0
[-4295857, 4295861] 1.0
[4295828, -4295860] 21.0
[4295854, 4295827] 1.0
[4295840, -4295850] 13.25
[4295861, -4295861] 3.0
[4295854, 4295829] 8.0
[4295840, 4295856] 2.0
[4295828, 4295848] 1.0
[4295851, -4295851] 82605.65000000001
[4295861, 4295851] 1.0
[4295828, 4295849] 0.35000000000000003
[4295837, 4295829] 1.0
[4295861, 4295855] 2.0
[4295855, -4295854] 153.0
[4295861, 4295854] 4.0
[4295828, 4295856] 2.0
[4295855, -4295855] 30.150000000000002
[-4295857, -4295857] 2.0
[4295861, 4295858] 1.0
[4295861, 4295828] 1.0
[4295828, 4295827] 0.7000000000000001
[4295828] 1.0
[4295828, 4295829] 1.0
[4295828, 4295831] 1.0
[4295840, 4295848] 1.0
[4295861, 4295837] 1.0
[4295828, 4295836] 2.5
[4295828, 4295835] 0.30000000000000004
[4295828, 4295838] 0.6000000000000001
[4295840, 4295849] 0.35000000000000003
[4295861, 4295840] 1.0
[4295837] 1.0
[4295855, -4295839] 1.0
[4295840] 1.0
