[]
[1120661, 2291382, 24742, 11431, 678914, 1401756, 2433704, 117855, 490744]
[666176]
[] 1.0
[4295837, -4295829] 43.300000000000004
[4295837, -4295833] 2.0
[4295837, -4295837] 95.10000000000001
[4295837, -4295840] 21.0
[4295851] 1.0
[4295837, -4295839] 1.0
[4295858] 1.0
[4295834, -4295853] 1.1
[4295837, -4295826] 4.0
[4295828, -4295839] 3.0
[4295828, -4295838] 6.65
[4295828, -4295841] 147.75
[4295828, -4295840] 44.7
[4295828, -4295843] 0.2
[4295828, -4295850] 11.8
[4295858, -4295858] 41.900000000000006
[4295828, -4295827] 13.0
[4295837, -4295850] 0.55
[4295828, -4295826] 9.0
[4295828, -4295829] 10399.300000000001
[4295828, -4295828] 27010.550000000003
[4295828, -4295833] 2.0
[4295837, -4295856] 1.0
[4295828, -4295837] 311.5
[4295837, -4295860] 1.85
[4295837, 4295859] 1.0
[4295834, 4295829] 0.15000000000000002
[4295858, 4295829] 0.05
[4295828, -4295860] 203.10000000000002
[4295828, 4295843] 0.25
[4295834, -4295832] 7.0
[4295834, -4295834] 4.75
[4295828, 4295848] 2.0
[4295851, -4295851] 82605.65000000001
[4295834, -4295839] 1.05
[4295837, 4295827] 6.0
[4295828, 4295849] 16.0
[4295837, 4295829] 0.15000000000000002
[4295834, -4295842] 16.0
[4295828, 4295856] 3.0
[4295828, 4295827] 1.3
[4295828] 0.15000000000000002
[4295828, 4295829] 1.0
[4295828, 4295831] 9.0
[4295828, 4295836] 158.4
[4295834] 27.0
[4295828, 4295835] 7.0
[4295828, 4295838] 0.7000000000000001
[4295837] 1.0
[4295839] 1.0
