[]
[4295297, 1120661, 2291382, 272721, 2856771, 276062, 66058, 52235, 1510218]
[422492]
[] 1.0
[4295837, -4295829] 2.0
[4295837, -4295837] 0.65
[4295837, -4295840] 3.0
[4295851] 1.0
[4295855] 2.0
[4295858] 3.0
[4295855, 4295859] 1.0
[4295861] 0.1
[4295828, -4295839] 3.0
[4295855, 4295839] 2.0
[4295828, -4295838] 5.65
[4295828, -4295841] 130.95000000000002
[-4295861, 4295837] 1.0
[4295828, -4295840] 29.8
[4295828, -4295843] 0.15000000000000002
[4295828, -4295850] 138.0
[4295858, -4295858] 4.25
[4295828, -4295827] 13.0
[4295855, 4295827] 2.0
[4295828, -4295826] 4.0
[4295828, -4295829] 173055.0
[4295855, 4295829] 0.25
[4295828, -4295828] 19627.8
[4295828, -4295833] 1.0
[-4295861, 4295828] 0.05
[4295828, -4295837] 212.8
[4295837, -4295860] 3.0
[4295837, 4295859] 1.0
[-4295861, 4295851] 1.0
[4295861, 4295860] 2.0
[-4295861] 1.0
[-4295861, 4295855] 1.0
[-4295861, 4295854] 2.0
[4295828, -4295860] 150.5
[-4295861, 4295859] 2.0
[4295861, -4295861] 1.0
[-4295861, 4295858] 2.0
[-4295861, 4295860] 0.15000000000000002
[4295828, 4295843] 0.15000000000000002
[4295828, 4295848] 1.0
[4295851, -4295851] 82605.65000000001
[4295855, -4295847] 1.1500000000000001
[4295861, 4295851] 1.0
[4295828, 4295849] 2.0
[4295837, 4295829] 0.15000000000000002
[4295855, -4295852] 0.30000000000000004
[4295861, 4295855] 2.0
[4295855, -4295854] 9.850000000000001
[4295861, 4295854] 3.0
[4295828, 4295856] 1.0
[4295855, -4295855] 41.85
[4295861, 4295828] 0.05
[4295828, 4295827] 1.05
[4295828] 0.05
[4295828, 4295831] 7.0
[4295861, 4295837] 2.0
[4295828, 4295836] 2468.0
[4295828, 4295835] 2.0
[4295828, 4295838] 0.30000000000000004
[4295861, 4295840] 1.0
[4295837] 1.0
[4295839] 1.0
