[]
[1238290, 288758, 1790014, 4121880, 1933499, 1019349, 761360, 236237, 4210703]
[88349]
[] 1.0
[4295837, -4295829] 0.45
[4295837, 4295859] 1.0
[4295837, -4295837] 0.35000000000000003
[4295851] 1.0
[4295834, 4295829] 0.1
[4295834, -4295853] 0.6000000000000001
[4295828, -4295860] 5.5
[4295828, 4295843] 1.0
[4295828, -4295838] 1.7000000000000002
[4295834, -4295832] 1.0
[4295828, -4295841] 5.3500000000000005
[4295828, -4295840] 1.2000000000000002
[4295834, -4295834] 1.6500000000000001
[4295828, -4295843] 1.0
[4295828, 4295848] 1.0
[4295851, -4295851] 82605.65000000001
[4295834, -4295839] 0.30000000000000004
[4295828, 4295849] 0.30000000000000004
[4295837, 4295829] 3.0
[4295834, -4295842] 2.0
[4295828, 4295856] 1.0
[4295828, -4295850] 2.8000000000000003
[4295828, 4295827] 5.0
[4295828] 1.0
[4295828, 4295829] 1.0
[4295828, -4295827] 3.0
[4295828, -4295826] 0.2
[4295828, 4295831] 2.0
[4295828, -4295829] 246.45000000000002
[4295828, -4295828] 431.6
[4295828, 4295836] 4.75
[4295834] 17.0
[4295828, 4295835] 0.15000000000000002
[4295828, 4295838] 0.4
[4295837] 1.0
[4295828, -4295837] 96.4
