[]
[6771, 1731836, 789050, 278319, 2585802, 503290, 2661013, 2799157, 270875]
[2423410]
[3480812, -3480860] 47.2
[] 1.0
[3480809, -3481024] 9.0
[3480812, -3480859] 6.95
[3480812, -3481115] 1.0
[3480809, -3481022] 3.0
[3480812, -3480857] 8.25
[3480812, -3480855] 4.0
[3480809, -3481018] 2.0
[3480812, -3480868] 1.0
[3480812, 3480918] 1.0
[3480812, -3480867] 14.0
[3480812, 3481171] 1.0
[3480812, -3480864] 1.0
[3480963, -3480935] 18.0
[3480812, -3480862] 15.450000000000001
[3480812, -3481386] 1.0
[3480812, 3480930] 4.0
[3480812, 3480929] 1.0
[3480812, -3480883] 7.0
[3480812, -3481139] 1.0
[3480809, -3481046] 9.0
[3480812, -3480881] 11.450000000000001
[3480812, -3480879] 5.800000000000001
[3480809, -3481055] 4.0
[3480963, -3480963] 94.0
[3480812, -3481144] 1.0
[3480963, -3480962] 7.0
[3480812, 3480881] 5.0
[3480812, -3480887] 125.0
[3480809, -3481063] 4.0
[3480963, -3480971] 2.0
[3480812, 3480884] 1.0
[3480963, -3481226] 1.0
[3480812, -3480894] 11.200000000000001
[3480812, -3480895] 1.0
[3480809, -3480813] 26.950000000000003
[3480812, 3481147] 1.0
[3480809, -3480811] 6.800000000000001
[3480809, -3481323] 4.0
[3480812, -3480902] 19.0
[3480809, -3480809] 66.55
[3480812, -3480903] 35.0
[3480812, -3480916] 147.0
[3480812, -3480917] 2.0
[3480809] 1.0
[3480809, -3481076] 2.0
[3480812] 1.0
[3480963, -3480867] 1.0
[3480809, -3480957] 1.0
[3480812, -3481046] 8.0
[3480963, -3480864] 3.0
[3480809, 3480819] 1.0
[3480812, -3481312] 2.0
[3480812, -3481311] 3.0
[3480809, -3480962] 1.0
[3480812, -3480812] 151.65
[3480812, -3480813] 84.4
[3480812, -3480810] 41.6
[3480812, -3480811] 18.45
[3480812, -3481323] 1.0
[3480963, -3480881] 2.0
[3480809, -3481227] 3.0
[3480812, -3480809] 228.70000000000002
[3480812, -3481063] 9.0
[3480812, -3481076] 112.0
[3480809, -3480984] 1.0
[3480812, -3480819] 976.6500000000001
[3480812, -3481073] 1.0
[3480812, -3481070] 64.0
[3480812, -3480828] 1.0
[3480812, -3480824] 1.0
[3480812, -3480822] 5.0
[3480963, 3480881] 1.0
[3480812, -3480831] 1.0
[3480812, -3480844] 1.0
[3480812, -3480853] 11.0
[3480809, -3481013] 1.0
[3480809, -3481014] 2.0
[3480812, -3481104] 3.0
[3480809, -3481011] 1.0
[3480812, -3480846] 74.8
[3480809, -3480894] 78.0
[3480812, -3481238] 3.0
[3480809, -3480903] 10.0
[3480809, 3480881] 3.0
[3480809, -3480902] 4.0
[3480963, -3480822] 5.0
[3480812, -3481002] 195.0
[3480963] 2.0
[3480809, -3480919] 1.0
[3480809, -3480917] 1.0
[3480809, -3480916] 2.3000000000000003
[3480812, -3481006] 10.0
[3480812, -3481007] 2.0
[3480812, -3481018] 7.0
[3480963, -3480831] 1.0
[3480812, -3481014] 2.0
[3480812, -3481284] 3.0
[3480812, -3481285] 1.0
[3480812, -3481282] 22.0
[3480963, -3481100] 1.0
[3480812, -3481283] 2.0
[3480809, -3480934] 117.0
[3480812, -3481024] 5.0
[3480809, -3480931] 17.0
[3480809, -3480932] 28.0
[3480809, -3481198] 1.0
[3480812, -3481033] 1.0
[3480812, -3481045] 4.0
[3480963, -3481111] 1.0
[3480812, -3481038] 25.0
[3480963, -3480997] 2.0
[3480812, 3480850] 1.0
[3480809, -3480828] 27.0
[3480812, -3481430] 1.0
[3480812, -3480919] 1.0
[3480812, -3480932] 4.75
[3480812, -3480933] 25.0
[3480812, -3480931] 16.8
[3480812, -3480929] 1.0
[3480809, -3481104] 1.0
[3480809, -3481101] 1.0
[3480809, -3480846] 375.0
[3480812, -3480934] 19.0
[3480809, -3481097] 8.0
[3480809, -3480853] 4.0
[3480812, -3481198] 1.0
[3480812, -3481199] 1.0
[3480809, -3480864] 3.0
[3480809, -3480862] 0.55
[3480809, -3480859] 116.0
[3480809, -3480860] 15.05
[3480809, -3480857] 8.950000000000001
[3480812, -3481207] 1.0
[3480812, -3480962] 7.0
[3480809, -3480867] 4.0
[3480812, 3480823] 1.0
[3480809, -3480879] 22.0
[3480812, -3481227] 1.0
[3480812, -3480979] 174.0
[3480809, -3481139] 8.0
[3480809, -3480884] 1.0
[3480809, -3480881] 7.0
