[]
[630840, 2347698, 286631, 1112950, 1599540, 2683156, 1582485, 3154558, 329547]
[2901052]
[] 1.0
[3481293, -3481315] 3.3000000000000003
[3481293, 3481239] 0.25
[3481293, 3481238] 1.6500000000000001
[3481293, 3480921] 0.15000000000000002
[3481294, 3480831] 0.05
[-3481295, -3480867] 0.05
[-3481295, 3480867] 0.05
[3481294] 0.15000000000000002
[3481293] 20.0
[-3481295] 0.15000000000000002
[3481294, -3481294] 0.25
[3481294, -3481295] 0.05
[3481294, 3481295] 0.25
[3481294, 3481294] 0.05
[3481293, -3481274] 1.0
[3481294, 3481293] 24.0
[3481293, 3480881] 0.25
[3481293, -3481397] 0.05
[3481293, 3480887] 0.30000000000000004
[3481294, -3480867] 0.05
[-3481295, 3480831] 0.05
[3481293, -3480962] 1.0
[3481293, -3480971] 1.0
[3481294, 3480867] 0.05
[-3481295, 3481294] 0.05
[-3481295, 3481295] 0.25
[-3481295, 3481293] 24.0
[-3481295, -3481295] 0.05
[3481293, -3481293] 10.350000000000001
[-3481295, -3481294] 0.25
