[]
[2633928, 2624536, 266324, 1906799, 5109, 795386, 189125, 742211, 588338]
[263013]
[] 1.0
[3480809, -3481024] 7.0
[3480809, -3481022] 5.0
[3480809, -3481019] 1.0
[3480809, -3481018] 4.05
[3480809, -3481031] 1.0
[3480827, -3480822] 1.0
[3480827, -3480820] 2.0
[3480809, -3481027] 1.0
[3480809, -3481282] 7.0
[3480809, -3481039] 1.0
[3480809, -3481040] 2.0
[3480827, -3480827] 2.3200000000000003
[3480809, -3481038] 5.5
[3480827, -3480825] 1.0
[3480809, -3481033] 1.0
[3480809, -3481046] 1.0
[3480809, -3481041] 1.0
[3480827, -3480831] 1.0
[3480809, -3481042] 2.0
[3480827, -3480832] 2.0
[3480963, -3480963] 60.0
[3480963, -3480962] 3.0
[3480809, -3481063] 8.0
[3480827] 1.0
[3480809, -3480813] 6.275
[3480809, -3481070] 17.900000000000002
[3480809, -3480811] 3.1875
[3480809, -3480812] 12.120000000000001
[3480809, -3480809] 18.035000000000004
[3480827, -3480855] 4.0
[3480809, -3480810] 4.6875
[3480809, -3480824] 32.0
[3480827, -3480867] 1.0
[3480809, -3480822] 22.0
[3480809, -3480819] 109.49750000000002
[3480809] 1.0
[3480809, -3481076] 3.8000000000000003
[3480809, -3480817] 0.05
[3480827, -3480864] 5.9
[3480809, -3480956] 1.0
[3480809, -3480953] 18.0
[3480809, -3481209] 1.0
[3480809, 3481324] 1.0
[3480827, -3481014] 1.0
[3480827, -3481012] 1.0
[3480809, -3480963] 3.0
[3480809, 3480823] 1.0
[3480809, -3480962] 34.0
[3480809, -3481227] 1.0
[3480827, 3481044] 3.0
[3480809, -3480979] 8.3
[3480827, -3481044] 4.0
[3480809, -3481007] 1.0
[3480809, -3481006] 3.0
[3480809, -3481002] 16.150000000000002
[3480809, -3481014] 0.5
[3480809, -3481011] 1.0
[3480827, -3481057] 1.0
[3480809, -3481265] 1.0
[3480827, 3481014] 3.0
[3480809, -3480894] 29.150000000000002
[3480827, -3480937] 2.0
[3480827, 3480831] 1.0
[3480809, -3480903] 14.0
[3480809, 3480881] 2.0
[3480809, -3480902] 11.0
[3480809, 3480884] 1.0
[3480809, 3481147] 1.0
[3480963, -3480822] 4.0
[3480827, -3481211] 46.0
[3480827, -3480955] 9.0
[3480963, -3480817] 2.0
[3480963] 1.0
[3480809, -3480919] 2.0
[3480809, -3480920] 1.0
[3480809, -3480917] 1.0
[3480827, -3480963] 1.0
[3480809, -3481430] 1.0
[3480809, -3480916] 8.65
[3480809, -3480914] 0.1
[3480827, -3480960] 2.0
[3480827, 3481056] 1.0
[3480963, -3480831] 4.0
[3480809, -3480922] 1.0
[3480809, -3481434] 1.0
[3480809, 3480850] 1.0
[3480809, -3480933] 2.7975000000000003
[3480809, -3480934] 2.6
[3480809, -3480931] 1.2425000000000002
[3480809, -3480932] 4.9
[3480809, -3481198] 1.0
[3480809, -3480942] 1.0
[3480809, -3481207] 5.0
[3480827, 3480821] 1.0
[3480827, -3480996] 13.0
[3480809, -3480945] 8.0
[3480963, -3480997] 6.0
[3480809, -3480831] 17.0
[3480809, -3480828] 5.75
[3480827, -3480874] 5.0
[3480809, -3481082] 10.0
[3480809, -3481338] 1.0
[3480809, -3480839] 1.0
[3480809, -3480846] 3.575
[3480809, -3480844] 4.0
[3480809, -3480855] 8.0
[3480809, -3481111] 3.0
[3480809, -3480856] 2.0
[3480809, -3480853] 1.05
[3480809, -3480850] 1.0
[3480809, -3480864] 11.0
[3480827, 3480859] 1.0
[3480809, -3480862] 8.9
[3480809, -3480859] 10.65
[3480809, -3481115] 1.0
[3480809, -3480860] 19.950000000000003
[3480809, -3480857] 10.0
[3480809, 3481171] 1.0
[3480809, -3480867] 17.0
[3480809, -3480868] 1.0
[3480809, 3480918] 1.0
[3480809, -3481378] 1.0
[3480809, -3480879] 0.6800000000000002
[3480809, -3481391] 1.0
[3480809, -3481135] 1.0
[3480827, 3480881] 1.0
[3480809, -3480887] 6.2
[3480809, 3480930] 5.0
[3480809, 3480929] 3.0
[3480827, 3480883] 1.0
[3480809, -3480883] 10.0
[3480809, -3480881] 10.15
