[]
[2641160, 264133, 1898318, 1642748, 338256, 263820, 1836645, 1048765, 1580583]
[528134]
[] 1.0
[3480809, -3481024] 2.0
[3480865, 3480928] 1.0
[3480809, -3480894] 14.950000000000001
[3480809, -3481022] 10.0
[3480865, -3480962] 1.0
[3480809, -3481018] 3.0
[3480809, -3480903] 2.9000000000000004
[3480809, -3481031] 7.0
[3480865, -3480976] 1.0
[3480809, 3480881] 2.0
[3480809, -3480902] 1.7000000000000002
[3480865, 3480813] 1.0
[3480865, 3480821] 1.0
[3480809, -3481033] 6.0
[3480809, -3480919] 2.0
[3480809, -3480920] 3.0
[3480809, -3480917] 2.0
[3480809, -3481045] 1.0
[3480809, -3481046] 3.0
[3480809, -3480918] 1.0
[3480809, -3481430] 2.0
[3480809, -3480916] 44.0
[3480865, -3480871] 1.0
[3480865, -3480870] 1.0
[3480809, -3481180] 2.0
[3480820] 1.0
[3480865, -3480865] 182.0
[3480809, -3481050] 1.0
[3480809, -3480922] 1.0
[3480809, -3481063] 23.0
[3480809, -3480933] 1.0
[3480809, -3480934] 26.1
[3480809, -3480931] 1.4500000000000002
[3480809, -3480932] 8.65
[3480809, -3481199] 4.0
[3480809, -3480813] 103.30000000000001
[3480808] 1.0
[3480809, -3481198] 1.0
[3480809, -3480811] 34.95
[3480809, -3480809] 257.15000000000003
[3480809, -3481207] 3.0
[3480809, -3480824] 5.5
[3480809, -3480822] 9.0
[3480809, -3480819] 17.0
[3480809] 1.0
[3480809, -3480831] 3.0
[3480809, -3480828] 18.0
[3480809, -3480839] 1.0
[3480809, 3480819] 1.0
[3480808, -3480808] 1845.0
[3480809, -3481093] 4.0
[3480809, 3480823] 1.0
[3480809, -3480833] 2.0
[3480809, -3480961] 1.0
[3480809, 3480821] 1.0
[3480809, -3480962] 16.0
[3480809, -3481104] 6.300000000000001
[3480865, 3480881] 1.0
[3480809, -3481229] 1.0
[3480809, -3480846] 130.6
[3480809, 3480824] 0.4
[3480809, -3481227] 6.0
[3480809, -3481100] 2.0
[3480809, -3481097] 3.0
[3480809, -3480855] 9.0
[3480809, -3480853] 48.0
[3480865, 3481144] 1.0
[3480809, 3480960] 1.0
[3480809, -3481105] 1.0
[3480865, 3480892] 1.0
[3480820, -3480820] 17.0
[3480865, -3480807] 28.0
[3480809, -3480864] 12.0
[3480809, -3480862] 34.0
[3480809, -3480859] 25.1
[3480809, -3480860] 60.6
[3480809, -3480857] 94.75
[3480809, -3480867] 3.0
[3480809, -3480879] 0.9
[3480809, 3480923] 1.0
[3480865] 1.0
[3480809, -3481002] 6.0
[3480809, -3481013] 1.0
[3480809, 3480929] 1.0
[3480809, -3481014] 4.0
[3480809, -3481139] 19.0
[3480809, -3480883] 6.0
[3480809, -3481011] 4.0
[3480809, -3480884] 3.0
[3480809, -3480881] 2.25
