[]
[345572, 2815913, 1617916, 3236308, 4208823, 3332341, 4266121, 2028854, 1519800]
[160379]
[-4295837, 4295827] 8.0
[] 1.0
[-4295837, 4295826] 16.0
[-4295829, 4295836] 1.0
[-4295837, 4295828] 3.1
[-4295829, 4295839] 28.0
[-4295837, 4295830] 25.0
[-4295837, 4295832] 1.0
[-4295837, 4295834] 25.950000000000003
[-4295837, 4295839] 36.1
[-4295840, -4295839] 1.0
[-4295837, 4295841] 0.55
[-4295837, 4295840] 15.3
[4295827, 4295829] 0.1
[-4295829, 4295827] 38.0
[-4295829, 4295829] 9.05
[-4295829, 4295833] 16.0
[-4295837, 4295859] 130.0
[-4295837, 4295858] 104.0
[-4295837, 4295861] 9.0
[-4295837, 4295860] 2.6500000000000004
[-4295837, 4295862] 1.0
[-4295829, 4295850] 0.35000000000000003
[-4295837, 4295842] 51.0
[-4295837, 4295845] 32.0
[-4295826] 15.0
[-4295837, 4295844] 4.05
[-4295829] 33.35
[-4295837, 4295847] 48.550000000000004
[-4295837, 4295846] 1.0
[-4295829, 4295859] 11.350000000000001
[-4295837, 4295851] 2.0
[-4295829, 4295858] 2.0
[-4295837, 4295853] 7.45
[-4295837, 4295852] 41.6
[-4295837] 107.35000000000001
[-4295837, 4295855] 3.95
[-4295837, 4295854] 1.6500000000000001
[-4295837, 4295857] 41.0
[-4295850, -4295836] 2.0
[-4295840, 4295855] 0.6000000000000001
[-4295840, 4295858] 24.0
[-4295840, 4295857] 28.0
[4295829, 4295849] 21.0
[-4295840, 4295860] 1.0
[4295829, 4295848] 1.0
[-4295840, 4295859] 0.2
[-4295840, 4295862] 1.0
[-4295840, 4295861] 3.0
[4295829, 4295856] 2.0
[4295829, 4295829] 0.1
[-4295840, 4295839] 57.0
[4295829, 4295831] 3.0
[-4295840, 4295842] 3.0
[-4295840, 4295844] 5.0
[4295829, 4295835] 2.0
[-4295840, 4295846] 1.0
[-4295840, 4295845] 2.0
[4295829, 4295836] 48.45
[-4295840, 4295847] 10.25
[4295829, 4295838] 8.0
[-4295840, 4295852] 9.600000000000001
[-4295840, 4295851] 2.0
[4295829, 4295843] 1.0
[-4295840, 4295854] 0.30000000000000004
[-4295840, -4295861] 2.0
[4295829, 4295827] 5.0
[-4295840, -4295845] 1.0
[-4295840, -4295844] 5.0
[-4295840, -4295857] 6.0
[4295829, -4295838] 3.0
[4295829, -4295837] 82.75
[4295829, -4295840] 12.0
[-4295850, 4295850] 8.450000000000001
[4295829, -4295841] 299.0
[-4295860, -4295857] 11.0
[4295829, -4295850] 7.7
[-4295860, -4295861] 1.0
[-4295850, 4295829] 0.55
[-4295826, 4295855] 0.2
[4295859] 1.0
[4295829, -4295826] 2.0
[4295829, -4295828] 6414.650000000001
[-4295826, 4295859] 6.0
[4295829, -4295829] 1349.2
[4295829, -4295833] 1.0
[-4295860, -4295845] 1.0
[-4295860, -4295844] 2.0
[-4295840, 4295826] 1.0
[-4295840, 4295828] 0.9500000000000001
[-4295840, 4295834] 23.0
[-4295840, 4295837] 5.75
[4295829, -4295860] 39.85
[-4295850, -4295858] 1.0
[-4295829, -4295847] 125.30000000000001
[-4295840] 10.600000000000001
[-4295829, -4295850] 5.0
[-4295860, 4295837] 1.1
[-4295837, -4295857] 2.7
[-4295860, 4295840] 2.0
[-4295829, -4295852] 113.55000000000001
[-4295860, 4295839] 8.0
[-4295860, 4295842] 2.0
[-4295829, -4295854] 88.0
[-4295829, -4295853] 1.0
[-4295837, -4295861] 13.0
[-4295860, 4295844] 2.0
[-4295829, -4295856] 1.0
[-4295829, -4295855] 476.0
[-4295829, -4295858] 1.0
[-4295850] 14.0
[-4295829, -4295860] 1.0
[-4295860, 4295847] 3.0
[-4295829, -4295834] 10.0
[-4295829, -4295833] 102.0
[-4295837, -4295844] 4.05
[-4295860] 43.0
[-4295829, -4295837] 76.0
[-4295837, -4295845] 19.0
[-4295860, 4295828] 0.8500000000000001
[-4295829, -4295840] 10.0
[-4295829, -4295839] 3.5500000000000003
[-4295837, -4295847] 1.0
[-4295829, -4295842] 1.0
[-4295860, 4295834] 1.6
[-4295826, 4295837] 9.0
[-4295826, 4295839] 1.0
[-4295826, 4295841] 0.05
[-4295829, -4295826] 8.0
[-4295826, 4295847] 2.0
[-4295829, -4295827] 1.6
[-4295826, 4295851] 2.0
[-4295829, -4295829] 85.0
[-4295860, 4295851] 2.0
[-4295860, 4295854] 0.65
[4295827] 1.0
[-4295826, 4295826] 1.0
[-4295860, 4295855] 0.65
[4295829] 0.2
[-4295826, 4295828] 0.2
[-4295860, 4295858] 9.0
[-4295860, 4295857] 1.0
[-4295860, 4295860] 0.4
[-4295860, 4295859] 7.0
