[]
[958874, 1089204, 277699, 398849, 2824236, 705299, 873974, 2307614, 107676]
[211391]
[3481004, 3480846] 0.15000000000000002
[] 1.0
[3480837, -3480868] 3.0
[3480852, 3480949] 1.0
[3480838, 3480869] 1.0
[3480835, 3480962] 3.0
[3480837, -3480863] 1.0
[3480852] 14.0
[3480852, 3480952] 1.0
[3480938, 3480846] 0.15000000000000002
[3480939, 3480821] 2.0
[3480939, 3480819] 0.05
[3480837, -3480874] 2.0
[3480852, 3480962] 0.15000000000000002
[3480939, -3480962] 8.0
[3480852, -3480836] 3.0
[3480838] 6.0
[3480837] 1.0
[3480837, 3480917] 3.0
[3480852, -3480834] 0.14
[3480852, -3481090] 1.0
[3481004, -3480938] 0.30000000000000004
[3480852, -3480835] 4.0
[3481004, -3480936] 2.0
[3480938, -3480938] 0.30000000000000004
[3481004, -3480937] 1.0
[3480939, 3480831] 5.0
[3480938, -3480936] 2.0
[3480835] 7.0
[3481004, 3480868] 1.0
[3481004, 3480874] 1.0
[3480852, -3480838] 0.35000000000000003
[3480852, -3480852] 0.35000000000000003
[3480835, -3480838] 0.65
[3481004, 3480813] 0.1
[3480835, -3480835] 3.25
[3480835, -3480836] 1.0
[3480939, -3480988] 0.65
[3480938, 3480809] 0.15000000000000002
[3480837, 3480874] 1.0
[3480852, -3480849] 2.0
[3480835, -3481090] 5.0
[3480835, -3480834] 1.0
[3481004, 3480822] 0.1
[3480852, 3480925] 1.0
[3480939, -3480998] 0.54
[3480838, -3480936] 2.0
[3480939, -3480996] 0.55
[3480852, -3481113] 1.0
[3480938, 3480822] 0.1
[3480852, -3480869] 3.0
[3480835, -3480852] 1.0
[3480939, -3481004] 1.9500000000000002
[3481004, 3480831] 1.0
[3480852, -3481131] 3.0
[3480939, -3481012] 2.0
[3480835, -3481113] 1.0
[3480838, -3480834] 0.2
[3480838, -3480835] 1.4500000000000002
[3480939, 3480881] 2.0
[3480939, -3480901] 2.0
[3480852, -3481021] 1.0
[3481004, -3480869] 1.0
[3480837, 3480972] 1.0
[3480938, -3480869] 1.0
[3480838, -3480838] 0.225
[3480838, -3480836] 0.1
[3480939, -3480895] 1.0
[3480838, -3480851] 1.0
[3480838, -3480849] 1.0
[3480939, -3481173] 0.9125000000000001
[3480939, -3480917] 3.0
[3480939, 3480901] 2.0
[3480838, 3480962] 2.0
[3481004, 3480935] 2.0
[3480837, 3480935] 2.0
[3480939, 3481099] 4.0
[3480837, -3480831] 3.0
[3480837, -3480832] 1.0
[3480838, -3481131] 1.0
[3480837, -3480841] 2.0
[3480837, -3480837] 1.0075
[3480838, -3480869] 1.0
[3480939, -3480939] 2.6175
[3480939, -3480937] 3.0
[3480939, -3480938] 0.75
[3480837, 3480958] 5.0
[3481004, -3480917] 1.0
[3481004, -3480910] 1.0
[3480852, 3480822] 0.30000000000000004
[3480852, 3480821] 1.0
[3480939, -3480837] 1.4425000000000001
[3480837, -3481004] 0.44500000000000006
[3480939, -3480835] 1.0
[3480939, -3480836] 6.0
[3480835, -3480938] 1.0
[3480939, -3481090] 1.0
[3480939, -3480831] 1.0
[3480837, -3480998] 0.4
[3480835, -3480936] 2.0
[3480837, -3481012] 2.0
[3480835, 3481113] 1.0
[3480939, -3480841] 3.0
[3480852, 3480841] 2.0
[3480852, 3480846] 0.15000000000000002
[3480852, 3480844] 4.0
[3480837, -3481025] 2.6500000000000004
[3480835, 3480809] 0.25
[3481004, -3480836] 1.0
[3480939, -3481125] 1.0
[3481004, -3480837] 2.35
[3480939, -3481126] 1.0
[3480939, -3480870] 1.0
[3481004, -3480834] 3.0
[3480939, -3480867] 4.0
[3480938, -3480836] 1.0
[3480938, -3480834] 3.0
[3480939, -3480863] 7.155
[3480837, 3481012] 1.0
[3480852, 3480810] 0.05
[3480852, 3480809] 0.4
[3480939, -3480874] 4.0
[3480939, -3480871] 1.0
[3480852, -3481004] 1.0
[3480939, 3480933] 0.05
[3480852, 3480812] 0.05
[3480852, 3480811] 2.0
[3480938] 1.0
[3480837, 3481025] 1.0
[3480939] 2.0
[3480835, -3480869] 2.0
[3480939, -3481021] 1.0
[3480838, 3480809] 0.35000000000000003
[3480838, -3480970] 1.0
[3480837, -3480937] 6.0
[3480835, -3481131] 0.9
[3480837, -3480938] 3.0
[3480939, -3481025] 0.75
[3481004, -3481004] 0.35250000000000004
[3480838, 3480822] 0.2
[3480938, -3481004] 1.0
[3480838, 3480821] 1.0
[3480939, 3481025] 2.0
[3480852, 3480913] 3.0
[3481004, 3480809] 0.15000000000000002
[3480835, 3480869] 3.0
[3480939, 3480972] 4.0
[3480852, 3481113] 1.0
[3480852, -3480913] 1.0
[3480939, 3480974] 2.0
[3480837, 3480813] 1.0
[3480852, 3480860] 1.0
[3481004, 3481012] 1.0
[3480852, 3480869] 2.0
[3480837, 3480821] 1.0
[3481004, 3481025] 1.0
[3480939, -3480822] 0.55
[3480852, -3480938] 0.0625
[3480852, -3480936] 0.75
[3480852, -3480937] 2.0
[3481004] 2.0
[3480939, -3481071] 7.0
