[]
[2584518, 1948654, 1790014, 1590701, 2544957, 455962, 4090802, 1794742, 3785398]
[2057413]
[] 1.0
[4295843, 4295843] 2.0
[-4295839, -4295844] 1.0
[4295843, 4295849] 1.0
[4295843, 4295848] 0.15000000000000002
[4295843, 4295856] 3.0
[4295843, 4295827] 2.0
[4295849, -4295849] 5.0
[-4295838, -4295856] 3.0
[4295843, 4295829] 2.0
[4295843, 4295831] 0.35000000000000003
[-4295838, -4295860] 0.9116250000000001
[-4295838, -4295862] 1.0
[4295843, 4295835] 6.0
[4295843, 4295836] 0.060250000000000005
[4295843, 4295838] 0.0016250000000000001
[-4295838, -4295841] 1.5726250000000004
[-4295838, -4295840] 0.90075
[-4295827] 13.0
[-4295838, -4295843] 0.3425
[4295849, -4295835] 1.85
[-4295826] 0.2
[-4295829] 1.3519921875000007E-4
[-4295828] 3.0668515625000014E-4
[-4295838, -4295846] 7.0
[-4295833] 1.0
[-4295838, -4295850] 0.7490000000000001
[-4295837] 0.532
[-4295839] 3.0
[-4295838] 3.531250000000001E-5
[-4295841, -4295844] 22.150000000000002
[-4295841, -4295845] 12.8
[-4295841, -4295847] 16.0
[-4295841, -4295857] 0.8500000000000001
[-4295840, -4295861] 1.05
[-4295841, -4295836] 1.0
[-4295841, -4295839] 20.0
[-4295840, -4295845] 1.05
[-4295840, -4295844] 2.45
[-4295840, -4295857] 13.0
[4295843] 0.15000000000000002
[-4295841, 4295827] 33.0
[-4295841, 4295826] 0.5
[4295848] 1.0
[-4295841, 4295828] 2.1562500000000002E-5
[4295849] 2.0
[-4295841, 4295834] 5.1000000000000005
[-4295841, 4295837] 4.4225
[4295856] 1.0
[-4295843, -4295846] 1.0
[-4295843, -4295850] 0.7050000000000001
[-4295843, -4295860] 1.1775
[-4295841, 4295855] 0.04450000000000001
[-4295841, 4295854] 3.0
[-4295843, -4295829] 2.4478750000000007
[-4295841, 4295857] 17.0
[-4295840, 4295826] 2.0
[-4295841, 4295859] 30.0
[-4295840, 4295828] 4.437500000000001E-4
[-4295841, 4295858] 0.16500000000000004
[-4295843, -4295833] 1.0
[-4295840, 4295827] 19.0
[-4295840, 4295830] 15.0
[-4295841, 4295860] 0.022500000000000003
[-4295843, -4295838] 1.6500000000000001
[-4295840, 4295832] 5.45
[-4295843, -4295837] 4.635000000000001
[-4295843, -4295840] 0.7525000000000001
[-4295840, 4295834] 23.450000000000003
[-4295843, -4295839] 1.0
[-4295843, -4295841] 0.7925000000000001
[-4295843, -4295843] 2.0
[-4295840, 4295837] 0.0018687500000000004
[-4295841, 4295839] 9.8
[-4295841, 4295841] 0.1875
[-4295841, 4295840] 0.12650000000000003
[-4295841, 4295842] 2.0
[-4295841, 4295845] 1.0575
[-4295841, 4295844] 21.900000000000002
[-4295841, 4295847] 3.8000000000000003
[-4295841, 4295851] 2.0
[-4295843, -4295826] 10.0
[-4295841, 4295853] 10.0
[-4295843, -4295828] 6.674843750000003E-5
[-4295841, 4295852] 6.300000000000001
[-4295843, -4295827] 4.0
[-4295841] 0.016368750000000005
[-4295840] 1.4900000000000002
[-4295843] 0.15000000000000002
[-4295843, 4295827] 2.0
[-4295843, 4295829] 2.0
[-4295843, 4295831] 0.35000000000000003
[-4295850] 6.9
[-4295843, 4295835] 6.0
[-4295860] 0.37625000000000003
[4295848, -4295848] 2.0500000000000003
[-4295843, 4295856] 3.0
[-4295843, 4295836] 0.060250000000000005
[-4295843, 4295838] 0.0016250000000000001
[4295827] 21.0
[-4295843, 4295843] 2.0
[4295831] 0.35000000000000003
[4295836] 0.30850000000000005
[4295835] 2.0
[-4295843, 4295849] 1.0
[4295838] 7.500000000000002E-4
[-4295843, 4295848] 0.15000000000000002
[-4295838, 4295858] 5.0
[-4295837, 4295827] 20.0
[-4295837, 4295826] 1.5
[-4295838, 4295859] 1.0
[-4295837, 4295828] 3.1562500000000015E-5
[-4295837, 4295830] 33.0
[-4295837, 4295832] 2.3400000000000003
[-4295837, 4295834] 1.6825
[-4295837, 4295839] 0.3813750000000001
[-4295837, 4295841] 0.65
[-4295837, 4295840] 0.6400000000000001
[-4295838, 4295843] 0.3425
[-4295838, 4295848] 4.65
[-4295838, 4295849] 7.65
[-4295838, 4295856] 4.8500000000000005
[-4295837, 4295859] 17.95
[-4295837, 4295858] 0.36250000000000004
[-4295837, 4295861] 2.8000000000000003
[-4295837, 4295860] 0.42000000000000004
[-4295837, 4295862] 3.0
[-4295837, 4295842] 1.67
[-4295837, 4295845] 2.75
[-4295837, 4295844] 0.52
[-4295837, 4295847] 0.005931250000000001
[-4295837, 4295846] 12.0
[-4295837, 4295851] 2.0
[-4295837, 4295853] 0.007243750000000002
[-4295837, 4295852] 0.9725000000000001
[-4295837, 4295855] 0.03475
[-4295837, 4295854] 0.2775
[-4295837, 4295857] 3.4000000000000004
[-4295850, -4295836] 1.9500000000000002
[-4295840, 4295855] 3.35
[4295843, -4295826] 10.0
[-4295850, -4295839] 1.0
[-4295840, 4295858] 0.19000000000000003
[-4295840, 4295857] 24.0
[4295843, -4295828] 6.674843750000003E-5
[-4295840, 4295860] 18.0
[4295843, -4295827] 4.0
[-4295840, 4295859] 9.0
[-4295839, 4295828] 0.15000000000000002
[4295843, -4295829] 2.4478750000000007
[-4295840, 4295861] 11.0
[4295843, -4295833] 1.0
[-4295839, 4295837] 2.0
[4295843, -4295838] 1.6500000000000001
[-4295839, 4295839] 6.250000000000001E-4
[4295843, -4295837] 4.635000000000001
[-4295840, 4295839] 1.075
[-4295840, 4295842] 0.645
[-4295840, 4295841] 0.7000000000000001
[-4295840, 4295844] 2.35
[-4295840, 4295846] 1.0
[-4295840, 4295845] 1.4500000000000002
[-4295840, 4295847] 0.3225
[-4295840, 4295852] 4.8500000000000005
[-4295840, 4295851] 2.0
[-4295840, 4295854] 1.7000000000000002
[-4295840, 4295853] 7.25
[-4295838, 4295827] 23.150000000000002
[-4295839, 4295858] 1.0
[4295843, -4295860] 1.1775
[-4295838, 4295829] 1.1500000000000001
[-4295838, 4295831] 9.75
[-4295838, 4295836] 0.458125
[-4295838, 4295835] 2.85
[-4295838, 4295838] 4.0625000000000005E-5
[4295843, -4295840] 0.7525000000000001
[4295843, -4295839] 1.0
[-4295839, 4295840] 2.0
[4295843, -4295841] 0.7925000000000001
[4295843, -4295843] 2.0
[-4295839, 4295844] 1.0
[4295843, -4295846] 1.0
[4295843, -4295850] 0.7050000000000001
[-4295839, 4295851] 2.0
[-4295839, 4295855] 3.0
[4295838, -4295860] 0.17125
[-4295833, 4295833] 16.0
[4295838, -4295846] 1.0
[4295856, 4295827] 26.0
[4295856, 4295829] 2.0
[4295838, -4295850] 2.83
[4295836, -4295837] 11.0
[4295836, -4295836] 3.0031250000000007E-4
[4295836, -4295839] 2.0
[4295836, -4295841] 15.0
[4295836, -4295840] 2.0
[4295836, -4295842] 1.0
[4295836, -4295827] 1.0
[4295836, -4295826] 28.0
[4295836, -4295829] 4.4
[4295838, -4295829] 0.39948125000000007
[4295838, -4295828] 2.200601562500001E-4
[4295838, -4295833] 1.0
[4295838, -4295837] 1.4151250000000004
[4295838, -4295839] 4.0
[4295838, -4295838] 0.0010312500000000003
[4295838, -4295841] 2.3125
[4295838, -4295840] 0.17162500000000003
[4295838, -4295843] 16.0
[4295856, 4295859] 1.0
[4295838, -4295827] 17.0
[4295838, -4295826] 22.0
[-4295829, 4295835] 4.0
[-4295829, 4295836] 1.8275000000000003
[-4295829, 4295839] 10.057500000000001
[-4295829, 4295838] 8.750000000000001E-4
[-4295829, 4295847] 0.8500000000000001
[-4295829, 4295849] 0.1
[-4295829, 4295848] 8.0
[4295827, 4295829] 9.0
[-4295829, 4295827] 0.8425000000000001
[-4295829, 4295829] 2.7959375000000006E-4
[-4295829, 4295831] 1.55
[-4295829, 4295833] 12.0
[-4295828, 4295836] 7.050000000000001
[-4295828, 4295837] 3.9839062500000014E-4
[-4295828, 4295840] 1.7935937500000008E-4
[-4295828, 4295839] 0.0022682031250000007
[-4295828, 4295842] 0.113375
[-4295828, 4295841] 0.0019625000000000003
[-4295828, 4295844] 0.005130312500000001
[-4295828, 4295846] 15.100000000000001
[-4295828, 4295845] 1.1109375000000004E-4
[-4295828, 4295847] 0.0034309375000000013
[-4295829, 4295850] 0.3400000000000001
[-4295828, 4295826] 9.234375000000002E-4
[-4295829, 4295856] 4.45
[-4295828, 4295828] 8.906250000000002E-5
[-4295829, 4295859] 4.512875
[-4295828, 4295827] 0.3988750000000001
[-4295829, 4295858] 0.225
[-4295828, 4295830] 10.0
[-4295828, 4295832] 1.2388750000000002
[-4295828, 4295834] 6.784218750000003E-4
[4295835, -4295835] 1.85
[4295836, -4295846] 5.0
[4295836, -4295850] 0.6000000000000001
[4295836, -4295857] 1.0
[4295836, -4295860] 5.0
[4295827, 4295859] 5.0
[4295835, -4295849] 5.0
[-4295860, -4295847] 17.0
[-4295827, -4295854] 1.0
[-4295860, -4295857] 10.850000000000001
[-4295828, -4295827] 6.6000000000000005
[-4295828, -4295826] 3.0
[-4295860, -4295861] 0.07625000000000001
[-4295826, 4295853] 1.0
[-4295826, 4295855] 8.0
[-4295826, 4295858] 1.0
[-4295826, 4295860] 1.0
[-4295826, 4295859] 3.0
[-4295860, -4295839] 5.0
[-4295827, -4295839] 3.0
[-4295860, -4295845] 3.0
[-4295860, -4295844] 8.0
[-4295826, -4295845] 2.0
[-4295826, -4295844] 4.0
[-4295826, -4295847] 1.0
[-4295860, -4295827] 1.0
[-4295829, -4295847] 5.867968750000001E-4
[-4295827, 4295839] 21.0
[-4295829, -4295850] 4.680000000000001
[-4295860, 4295837] 3.6593750000000005E-4
[-4295860, 4295840] 0.685
[-4295829, -4295852] 8.2475
[-4295860, 4295839] 26.900000000000002
[4295831, -4295839] 4.0
[-4295860, 4295842] 13.0
[-4295829, -4295854] 0.0018050000000000004
[-4295860, 4295841] 14.0
[-4295829, -4295853] 0.046250000000000006
[-4295860, 4295844] 8.05
[-4295829, -4295856] 0.35750000000000004
[-4295829, -4295855] 0.012026250000000004
[-4295860, 4295846] 4.0
[-4295829, -4295858] 12.590000000000002
[4295831, -4295846] 1.0
[-4295860, 4295845] 2.35
[-4295829, -4295860] 0.13543125000000003
[-4295860, 4295847] 2.1
[-4295829, -4295862] 4.0
[-4295828, 4295852] 0.044562500000000005
[-4295829, -4295832] 1.9125
[-4295828, 4295851] 2.0
[-4295828, -4295862] 11.0
[-4295828, 4295854] 0.28625000000000006
[-4295829, -4295834] 2.6713750000000003
[-4295828, 4295853] 5.350000000000001E-4
[-4295829, -4295833] 7.75
[-4295829, -4295836] 1.2000000000000002
[-4295828, 4295855] 0.4610000000000001
[-4295828, 4295858] 7.360000000000001
[-4295860, 4295826] 2.0500000000000003
[-4295827, 4295827] 0.005500000000000001
[-4295829, -4295838] 3.0
[-4295828, 4295857] 0.03689375000000001
[-4295829, -4295837] 1.3690000000000005E-4
[-4295828, 4295860] 1.0151562500000003E-4
[-4295860, 4295828] 3.906250000000001E-5
[-4295827, 4295829] 0.08750000000000001
[-4295829, -4295840] 0.0010991875000000001
[-4295828, 4295859] 3.5567500000000005
[-4295860, 4295827] 1.4000000000000001
[-4295829, -4295839] 0.0051556250000000005
[-4295828, 4295862] 20.200000000000003
[-4295860, 4295830] 4.0
[-4295829, -4295842] 0.46637500000000004
[-4295828, 4295861] 0.37712500000000004
[-4295829, -4295841] 0.5048750000000001
[4295831, -4295831] 0.043750000000000004
[-4295860, 4295834] 1.1700000000000002
[-4295829, -4295846] 2.0
[-4295828, -4295847] 1.0625
[-4295826, 4295837] 4.0
[-4295828, -4295846] 16.0
[-4295826, 4295839] 12.0
[-4295826, 4295841] 1.0
[-4295826, 4295844] 4.0
[-4295826, 4295845] 4.0
[-4295828, -4295857] 0.03166875000000001
[-4295829, -4295826] 0.2886250000000001
[-4295826, 4295847] 0.05
[-4295829, -4295828] 11.617500000000001
[-4295829, -4295827] 5.128125000000001E-4
[-4295828, -4295861] 0.03636250000000001
[-4295826, 4295851] 1.0
[-4295829, -4295829] 1.9730625000000004E-4
[-4295860, 4295852] 38.0
[-4295860, 4295851] 2.0
[-4295860, 4295854] 0.07375000000000001
[-4295860, 4295853] 4.3
[-4295826, 4295826] 0.19000000000000003
[-4295860, 4295855] 0.10462500000000002
[-4295826, 4295828] 8.0
[-4295860, 4295858] 1.1050000000000002
[-4295827, 4295859] 0.7000000000000001
[-4295826, 4295827] 7.0
[-4295828, -4295836] 0.45
[-4295860, 4295857] 4.75
[-4295828, -4295839] 1.4025
[-4295860, 4295860] 2.3656250000000006E-4
[-4295860, 4295859] 0.05775
[-4295860, 4295862] 1.0
[-4295860, 4295861] 24.75
[-4295826, 4295834] 1.0
[-4295828, -4295845] 5.112500000000002E-6
[-4295828, -4295844] 0.005182500000000001
[4295836, 4295828] 0.1
[4295836, 4295829] 1.2953125000000007E-5
[4295836, 4295831] 2.0
[4295827, -4295839] 3.0
[4295838, 4295827] 33.0
[4295827, -4295847] 5.4
[4295838, 4295829] 4.0
[4295838, 4295831] 0.7000000000000001
[4295827, -4295852] 5.2
[4295838, 4295836] 0.14950000000000002
[4295838, 4295835] 10.0
[4295827, -4295827] 2.0
[4295827, -4295829] 1.0
[4295836, 4295851] 1.0
[4295836, 4295856] 0.1
[4295836, 4295857] 6.0
[4295836, 4295859] 2.0
[-4295833, -4295833] 8.0
[4295836, 4295836] 14.0
[4295836, 4295837] 1.0
[4295836, 4295840] 1.0
[4295836, 4295848] 1.0
[4295836, 4295850] 3.504687500000001E-5
[-4295850, 4295850] 8.343750000000003E-5
[-4295850, 4295829] 1.6
[4295838, 4295856] 7.0
[4295838, 4295838] 1.5625000000000003E-4
[4295838, 4295843] 16.0
[4295838, 4295848] 0.25
[4295838, 4295849] 1.1500000000000001
[-4295838, -4295827] 36.0
[-4295838, -4295826] 15.55
[-4295837, -4295857] 0.30500000000000005
[-4295838, -4295829] 0.005463718750000002
[-4295838, -4295828] 8.776445312500003E-4
[-4295837, -4295861] 1.9500000000000002
[-4295838, -4295833] 15.0
[4295856, -4295850] 24.0
[-4295838, -4295837] 7.66125
[-4295838, -4295839] 18.0
[-4295838, -4295838] 6.500000000000001E-5
[4295856, -4295827] 1.0
[4295856, -4295826] 17.0
[-4295837, -4295839] 1.0
[4295856, -4295829] 6.362500000000001
[-4295837, -4295844] 0.525
[-4295837, -4295846] 1.0
[-4295837, -4295845] 5.050000000000001
[4295856, -4295837] 4.5375000000000005
[4295856, -4295840] 5.105
[4295856, -4295860] 11.0
