[]
[1842924, 1614075, 264897, 1343906, 1870100, 2362110, 2179322, 1835825, 167423]
[2641532]
[3480869, -3480835] 0.9500000000000001
[-3480834, 3480835] 18.0
[] 1.0
[3480869, -3480836] 2.0
[-3480834, 3480836] 0.1
[3480869, -3480834] 0.4
[-3480834, 3480834] 0.05
[3480822, -3480844] 0.35000000000000003
[3480822, -3480972] 2.0
[-3480838, 3480839] 3.0
[-3480838, 3480837] 0.30000000000000004
[-3480838, 3480838] 3.0
[-3480838, 3480835] 52.0
[-3480834, 3480839] 2.0
[-3480838, 3480836] 0.4
[3480822, -3480855] 1.0
[-3480834, 3480837] 0.05
[-3480838, 3480834] 0.75
[3480869, -3480852] 2.0
[-3480869, -3480952] 1.0
[3480822, -3480864] 1.0
[-3480838] 1.2000000000000002
[-3480834, 3480850] 2.0
[-3480834] 0.25
[-3480838, 3480915] 0.30000000000000004
[-3480869, -3480836] 2.0
[-3480838, 3480850] 3.0
[-3480869, -3480835] 0.9500000000000001
[3480822] 2.0
[3480822, -3480881] 1.0
[3480822, -3480812] 1.0
[3480822, -3480825] 3.0
[3480822, -3480822] 350.70000000000005
[-3480869] 1.0
[3480822, -3480962] 0.6000000000000001
[3480822, -3480834] 1.0
[3480869] 2.0
[-3480838, 3480944] 2.0
[3480822, -3480963] 0.5
[3480869, -3481133] 2.0
[3480822, -3480971] 1.0
[3480869, -3480952] 1.0
