[]
[1843343, 30724, 1351123, 2587551, 471565, 310648, 275722, 4243391, 49919]
[3088021]
[-4295827, 4295837] 0.7000000000000001
[4295829, -4295838] 7.0
[] 1.0
[-4295827, -4295845] 1.6500000000000001
[-4295827, 4295836] 5.0
[4295829, -4295837] 174.35000000000002
[-4295827, 4295839] 0.35000000000000003
[4295829, -4295840] 61.95
[4295829, -4295839] 1.0
[-4295827, 4295840] 0.9
[4295829, -4295841] 11.350000000000001
[4295829, 4295848] 1.0
[4295829, -4295843] 0.35000000000000003
[-4295827, 4295845] 3.3000000000000003
[-4295827, 4295844] 36.0
[4295829, -4295850] 12.25
[4295829, 4295856] 0.1
[-4295827, 4295851] 2.0
[4295829, 4295859] 3.0
[4295829, 4295829] 0.30000000000000004
[4295829, 4295831] 1.0
[4295859] 1.0
[4295829, -4295826] 5.0
[-4295827, 4295827] 2.0
[4295829, -4295828] 3220.25
[4295829, 4295835] 2.0
[-4295827, 4295826] 1.0
[4295829, -4295827] 2.0
[-4295827, 4295828] 0.55
[4295829, -4295829] 1781.5500000000002
[4295829, 4295836] 5.9
[-4295827, -4295839] 4.0
[4295829, 4295838] 0.5
[-4295827, -4295844] 33.0
[4295829, 4295843] 0.35000000000000003
[4295829, 4295827] 6.0
[-4295827, 4295852] 0.45
[-4295827] 22.0
[4295829, -4295856] 0.7000000000000001
[4295829] 0.25
[4295829, -4295860] 4.7
[-4295827, 4295858] 4.0
