[]
[375206, 3553411, 299022, 2944752, 2396457, 246542, 883203, 196428, 433384]
[2783621]
[4295829, -4295838] 1.0
[] 1.0
[4295829, -4295837] 21.75
[4295829, -4295840] 3.2
[4295829, -4295839] 1.0
[-4295841, 4295826] 2.0
[4295829, -4295841] 15.850000000000001
[-4295841, 4295828] 0.05
[4295829, -4295850] 3.25
[-4295841, 4295837] 2.0
[4295856] 1.0
[-4295826, 4295853] 1.0
[-4295826, 4295855] 3.0
[4295859] 1.0
[4295829, -4295826] 4.0
[-4295826, 4295860] 0.25
[4295829, -4295828] 212.4
[4295856, 4295829] 0.1
[4295829, -4295829] 232.25
[-4295829, 4295829] 1.25
[-4295841, 4295855] 1.0
[-4295841, 4295859] 1.0
[-4295841, 4295841] 0.15000000000000002
[-4295826] 16.0
[-4295829] 7.65
[4295829, -4295860] 41.0
[-4295841, 4295847] 0.1
[-4295829, 4295859] 0.5
[-4295841, 4295851] 1.0
[-4295841] 5.0
[-4295829, -4295850] 0.35000000000000003
[4295829, 4295849] 5.0
[4295829, 4295848] 1.0
[4295856, -4295850] 0.15000000000000002
[-4295829, -4295860] 5.0
[4295829, 4295856] 2.0
[4295829, 4295829] 2.0
[4295856, -4295829] 1.1500000000000001
[4295829, 4295831] 3.0
[4295829, 4295835] 2.0
[-4295829, -4295837] 1.4500000000000002
[-4295829, -4295840] 0.8500000000000001
[4295829, 4295836] 0.6000000000000001
[4295856, -4295837] 7.0
[4295829, 4295838] 8.0
[4295856, -4295840] 2.0
[-4295826, 4295837] 1.0
[-4295826, 4295839] 1.0
[-4295826, 4295841] 0.05
[-4295829, -4295826] 24.0
[-4295826, 4295847] 0.35000000000000003
[-4295829, -4295827] 1.0
[4295829, 4295827] 1.0
[-4295826, 4295851] 2.0
[-4295829, -4295829] 9.5
[-4295826, 4295826] 0.25
[4295829] 0.05
[-4295826, 4295828] 0.1
