[]
[491301, 1120661, 15268, 109095, 3279819, 31082, 1509868, 7771, 832851]
[506064]
[] 1.0
[4295837, -4295829] 5.0
[4295840, 4295829] 3.0
[4295837, -4295837] 13.0
[4295837, -4295840] 2.0
[4295851] 1.0
[4295853] 1.3
[4295858] 4.0
[4295857] 2.0
[4295839, 4295851] 1.0
[4295858, -4295839] 1.0
[-4295857, 4295839] 3.0
[4295828, -4295839] 3.0
[4295840, -4295826] 1.0
[4295828, -4295838] 7.0
[4295857, -4295844] 1.0
[4295840, -4295829] 7.45
[4295828, -4295841] 163.3
[-4295857, 4295840] 1.0
[4295828, -4295840] 53.45
[4295828, -4295843] 0.75
[4295839, 4295829] 3.0
[4295839, 4295828] 1.0
[4295853, -4295853] 2.0
[4295840, -4295837] 2.8000000000000003
[-4295857, 4295851] 1.0
[4295828, -4295850] 35.95
[4295840, -4295840] 17.75
[4295853, -4295832] 7.0
[4295858, -4295858] 37.65
[4295828, -4295827] 19.0
[4295853, -4295834] 72.0
[4295828, -4295826] 13.0
[4295828, -4295829] 11756.5
[-4295857, 4295828] 3.0
[4295828, -4295828] 31408.300000000003
[4295828, -4295833] 1.0
[4295837, -4295856] 1.0
[4295853, -4295839] 14.0
[4295853, -4295842] 16.0
[-4295857, 4295837] 1.0
[4295828, -4295837] 577.0
[4295840, -4295860] 5.050000000000001
[4295839, -4295832] 11.0
[4295837, 4295859] 1.0
[4295839, -4295834] 80.0
[4295839, -4295839] 1.5
[4295839, -4295842] 18.0
[-4295857] 1.0
[4295857, -4295857] 13.0
[-4295857, 4295857] 3.0
[4295857, 4295860] 1.0
[-4295857, 4295858] 2.0
[4295828, -4295860] 177.60000000000002
[4295840, -4295850] 2.0
[4295828, 4295843] 0.75
[4295828, 4295848] 3.0
[4295857, 4295844] 1.0
[4295840, 4295859] 1.0
[4295851, -4295851] 82605.65000000001
[4295828, 4295849] 9.0
[4295837, 4295829] 2.0
[4295857, 4295851] 1.0
[4295828, 4295856] 5.0
[4295857, 4295855] 1.0
[4295828, 4295858] 1.0
[-4295857, -4295857] 2.0
[4295828, 4295827] 40.0
[4295828] 4.0
[4295828, 4295829] 1.0
[4295857, 4295828] 2.0
[4295828, 4295831] 14.0
[4295828, 4295836] 128.85
[4295853, 4295829] 0.30000000000000004
[4295828, 4295835] 11.0
[4295828, 4295838] 1.05
[4295839, -4295853] 1.1
[4295857, 4295837] 2.0
[4295837] 1.0
[4295857, 4295839] 6.0
[4295840] 1.0
[4295839] 1.4500000000000002
