[]
[843197, 2379718, 1605436, 1548353, 1911252, 633536, 759394, 530082, 1148603]
[1542730]
[] 1.0
[-3480809, -3481131] 1.0
[-3481040, -3481143] 1.0
[-3480813, 3481279] 1.0
[-3481040, 3481157] 1.0
[-3480833, 3480883] 0.05
[-3481040, 3481152] 0.15000000000000002
[3480824, 3480819] 1.0
[3480819, 3480918] 1.0
[3480819, 3480929] 1.0
[3480819, 3480930] 4.0
[3480819, -3481378] 1.0
[-3481042, -3481143] 1.0
[3480819, -3481265] 8.0
[3480819, -3481266] 12.0
[3480819, -3481285] 5.0
[3480819, -3481283] 5.0
[3480819, -3481284] 5.0
[-3480833, 3480819] 1.0
[3480819, -3481281] 1.0
[-3481042, 3481152] 0.15000000000000002
[3480824, 3480881] 4.0
[-3481042, 3481157] 1.0
[3480824, 3480884] 1.0
[3480824, 3480824] 0.05
[-3480833, 3480833] 1.0
[-3480809, 3481119] 1.0
[3480819, -3481316] 2.0
[-3480977, 3481217] 1.0
[3480819, -3481312] 2.0
[3480824, 3480850] 4.0
[-3480833, 3480858] 1.0
[-3480833, 3480859] 2.0
[3480819, -3481199] 3.0
[3480819, -3481209] 3.0
[3480819, -3481207] 3.0
[3480824, -3481362] 1.0
[3480819, -3481220] 1.0
[3480819, -3481227] 4.0
[-3480809, -3480974] 1.0
[3480819, -3481238] 2.0
[-3481040, -3480985] 2.0
[-3481040, -3480986] 2.0
[-3480977, 3481152] 2.0
[3480819, -3481261] 1.0
[-3481040, -3481002] 1.0
[-3480809, 3481070] 1.0
[3480819, 3480884] 1.0
[-3480977, 3481042] 0.05
[3480819, -3481139] 0.15000000000000002
[-3480977, 3481040] 0.05
[-3480860] 0.05
[-3480862] 0.010000000000000002
[-3480809, 3480963] 1.0
[-3480857] 1.0
[-3480859] 1.0
[-3480833] 2.0
[3480819, 3480850] 2.0
[-3481040, 3480977] 0.05
[-3481042, -3480986] 2.0
[-3481042, -3480985] 2.0
[-3480828] 0.6000000000000001
[-3480824] 5.3500000000000005
[-3481042, -3481002] 1.0
[3480824, -3481338] 2.0
[-3480813] 25.0
[3480819, 3480881] 4.0
[-3480809] 8.0
[-3481040, 3480883] 0.05
[3480819, -3481076] 7.0
[-3480860, -3480836] 1.0
[3480824, -3481227] 2.0
[-3480824, -3480932] 1.0
[3480824, -3481238] 7.0
[-3480813, 3481022] 0.4
[-3481217, -3481042] 1.0
[-3481045, 3481045] 0.0125
[3480819, -3481082] 5.5
[-3481217, -3481040] 1.0
[-3480824, -3480934] 5.0
[-3480922] 3.0
[3480819, -3481093] 1.0
[-3480860, -3480849] 2.0
[3480819, -3481090] 1.0
[3480824, -3481242] 1.0
[3480821] 1.0
[3480824, -3481265] 2.0
[-3480813, 3481049] 1.0
[-3480809, 3480925] 3.0
[-3481042, 3480977] 0.05
[3480819, 3481171] 1.0
[3480824] 0.1
[3480823] 1.0
[-3480824, -3480894] 2.0
[3480819] 1.0
[3480819, -3481104] 16.0
[3480819, -3481115] 2.0
[3480831] 1.0
[-3480824, -3480903] 5.0
[3480819, -3481111] 1.0
[-3480824, -3480916] 1.0
[-3480879] 2.0
[-3480824, -3480920] 2.0
[-3480824, -3480919] 7.0
[-3481042, 3480883] 0.05
[3480819, -3481013] 1.0
[-3480809, 3480828] 1.0
[3480819, -3481014] 3.0
[-3481040, 3480819] 1.0
[-3480809, 3480826] 2.0
[-3480824, -3480986] 1.0
[-3480809, 3480827] 5.0
[-3480977] 3.0
[3480819, -3481007] 1.0
[-3480809, 3480822] 7.0
[3480819, -3481022] 2.2
[3480819, -3481018] 2.45
[-3480809, 3480844] 2.0
[3480819, -3481027] 3.0
[3480824, -3481180] 2.0
[-3481040, 3480833] 1.0
[3480819, -3481024] 6.0
[3480819, -3481038] 2.4000000000000004
[-3480809, 3480853] 1.0
[3480819, -3481033] 2.0
[3480819, -3481031] 1.0
[-3480809, 3480846] 0.25
[3480819, -3481045] 0.2
[-3480813, 3480984] 3.0
[-3480809, 3480860] 1.0
[3480819, -3481046] 3.0
[-3480813, 3480985] 1.0
[3480824, -3481198] 2.0
[3480824, -3481199] 2.0
[3480819, -3481041] 1.0
[3480819, -3481042] 0.55
[3480819, -3481039] 1.0
[3480819, -3481040] 0.55
[-3480809, 3480855] 1.0
[-3480809, 3480869] 1.0
[-3480860, -3480871] 2.0
[-3481040, 3480859] 2.0
[-3480879, 3480988] 3.0
[-3480860, -3480870] 2.0
[-3480809, 3480864] 1.0
[-3481040, 3480858] 1.0
[-3480813, 3480986] 3.0
[3480831, 3480881] 1.0
[3480824, -3481217] 4.0
[3480824, -3481213] 1.0
[3480819, -3481070] 0.17175000000000004
[3480819, -3481063] 14.0
[-3480828, -3480858] 2.0
[-3481045] 1.0
[-3481042, 3480819] 1.0
[3480824, -3481104] 5.0
[-3481040] 2.0
[-3481042] 2.0
[-3480977, 3480858] 2.0
[-3480977, 3480859] 2.0
[3480819, -3480956] 2.0
[3480824, -3481111] 1.0
[-3480824, -3480809] 2.6
[3480819, -3480953] 1.85
[-3480824, -3480813] 2.7
[-3480824, -3480811] 4.0
[-3481042, 3480833] 1.0
[3480819, -3480963] 3.0
[3480819, -3480962] 26.0
[3480819, -3480971] 2.0
[-3480824, -3480824] 1.0
[3480819, -3480979] 3.1850000000000005
[-3480977, 3480883] 0.05
[-3481217, 3481152] 2.0
[-3481042, 3480859] 2.0
[-3481042, 3480858] 1.0
[-3480977, -3481152] 0.05
[3480824, -3481139] 1.1500000000000001
[-3480977, -3481157] 1.0
[-3480809, 3480811] 3.0
[3480823, -3481117] 3.0
[-3481045, 3480957] 1.0
[-3480809, 3480809] 0.25
[3480819, -3481006] 11.0
[-3480809, 3480821] 1.0
[3480824, 3480918] 1.0
[3480819, -3481002] 10.600000000000001
[3480824, -3481157] 2.0
[3480824, -3481040] 0.6000000000000001
[-3480824, -3480860] 8.0
[3480824, -3481041] 4.0
[-3480824, -3480859] 2.25
[3480819, -3480883] 5.0
[3480824, -3481039] 4.0
[-3480879, 3480821] 3.0
[3480819, -3480881] 8.0
[3480819, -3480879] 12.25
[-3480824, -3480862] 1.0
[-3480813, 3480819] 1.0
[3480819, -3480894] 0.17450000000000002
[3480824, -3481046] 4.0
[-3480813, 3480831] 1.0
[3480824, -3481045] 0.15000000000000002
[3480819, -3480887] 5.4725
[3480824, -3481042] 0.6000000000000001
[3480819, -3480888] 1.0
[3480819, -3480902] 1.25
[-3480857, -3480876] 1.0
[-3480824, -3480879] 18.0
[3480819, -3480895] 5.0
[3480824, -3481063] 2.1
[3480819, -3480906] 2.0
[3480819, -3480903] 1.5
[3480819, -3480917] 3.0
[3480819, -3480918] 1.0
[3480819, -3480916] 22.0
[-3480977, 3480828] 1.0
[3480824, -3481076] 7.0
[3480819, -3480922] 1.0
[-3480879, 3480859] 2.0
[3480819, -3480919] 2.0
[3480819, -3480933] 0.040893750000000006
[3480819, -3480934] 9.15
[3480819, -3480931] 0.11212500000000002
[3480819, -3480932] 0.134
[-3480857, -3480848] 1.0
[-3480824, -3480846] 0.75
[-3480824, -3480853] 2.0
[-3480879, 3480878] 2.0
[-3480879, 3480879] 0.05
[-3481045, 3480902] 1.0
[-3480879, 3480877] 3.0
[3480819, -3480822] 1.9000000000000001
[3480824, -3480977] 0.30000000000000004
[3480819, -3480819] 0.03476531250000001
[3480824, -3480984] 6.0
[3480819, -3480828] 15.0
[3480824, -3480978] 1.0
[3480819, -3480824] 3.0500000000000003
[3480819, -3480831] 9.0
[3480819, -3480846] 0.04398750000000001
[3480819, -3480844] 2.0
[3480819, -3480853] 7.45
[3480824, -3481006] 1.0
[3480819, -3480850] 1.0
[3480824, -3481002] 3.4000000000000004
[3480819, -3480848] 2.0
[3480819, -3480862] 3.755000000000001
[3480819, -3480859] 5.15
[3480824, -3481014] 3.0
[3480819, -3480860] 16.235000000000003
[3480819, -3480857] 1.0425000000000002
[-3481045, 3480821] 1.0
[3480819, -3480855] 4.0
[-3481045, 3480819] 1.0
[3480819, -3480856] 4.0
[3480824, -3481011] 1.0
[3480824, -3481024] 1.9500000000000002
[-3480828, -3481040] 1.0
[3480819, -3480867] 2.0
[3480824, -3481022] 0.5
[-3481217, 3481042] 0.05
[-3481217, 3481040] 0.05
[3480824, -3481018] 1.05
[3480819, -3480864] 3.0
[-3480828, -3481042] 1.0
[3480824, -3481033] 1.0
[3480819, -3480876] 1.0
[3480824, -3481031] 1.0
[-3480813, 3480813] 0.020000000000000004
[3480824, -3480918] 1.0
[3480824, -3480919] 26.0
[3480824, -3480916] 4.3
[3480824, -3480917] 2.0
[-3480833, -3480986] 2.0
[-3481217] 0.1
[-3480833, -3480985] 2.0
[3480824, -3480922] 10.0
[3480824, -3480934] 1.5925000000000002
[3480824, -3480932] 0.036000000000000004
[3480824, -3480933] 1.1
[3480824, -3480931] 4.4
[-3481217, 3480978] 1.0
[-3481217, 3480977] 1.0
[3480819, -3480813] 0.07919375000000002
[-3480828, 3481217] 1.0
[3480819, -3480811] 0.016700000000000003
[3480819, -3480812] 0.16534375
[3480819, -3480809] 0.15768125000000002
[3480819, -3480810] 0.03728125000000001
[3480824, -3480962] 7.0
[3480824, -3480846] 0.37875000000000003
[3480824, -3480857] 3.1300000000000003
[3480823, -3480823] 0.45387500000000003
[3480824, -3480855] 3.0
[3480824, -3480853] 8.0
[3480824, -3480864] 8.0
[3480824, -3480862] 0.8925000000000001
[-3481217, 3480883] 0.05
[3480824, -3480860] 5.492500000000001
[3480824, -3480859] 0.8250000000000001
[3480824, -3480867] 5.95
[3480824, -3480881] 0.021875000000000002
[3480824, -3480879] 1.2000000000000002
[-3480824, -3481022] 1.0
[3480824, -3480887] 0.030000000000000006
[-3480824, -3481033] 5.0
[3480824, -3480883] 0.33475000000000005
[3480824, -3480894] 0.7650000000000001
[-3480824, -3481041] 1.0
[-3480824, -3481040] 5.0
[-3480824, -3481039] 1.0
[3480819, 3481324] 1.0
[3480824, -3480902] 1.9500000000000002
[-3480824, -3481042] 5.0
[3480824, -3480903] 0.4725000000000001
[-3480828, 3481152] 4.0
[-3481217, -3481152] 0.1
[-3480828, 3481041] 1.0
[-3480828, 3481042] 0.2
[-3480828, 3481039] 1.0
[-3480828, 3481040] 0.2
[-3480833, -3480858] 0.25
[-3481217, 3480828] 1.0
[3480824, -3480809] 0.5252500000000001
[-3480824, 3480929] 1.0
[3480824, -3480814] 1.0
[3480824, -3480812] 1.0
[3480824, -3480813] 0.30850000000000005
[3480824, -3480810] 1.0
[3480824, -3480811] 0.153625
[3480824, -3480824] 0.5568750000000001
[3480824, -3480822] 2.0
[3480824, -3480819] 8.4
[3480824, -3480833] 1.0
[3480824, -3480831] 0.30000000000000004
[3480831, -3481045] 1.1500000000000001
[3480824, -3480828] 0.6550000000000001
[-3480828, -3480985] 1.0
[-3481217, 3480858] 1.0
[3480823, -3480808] 1.0
[-3481217, 3480859] 5.0
[-3480857, 3480844] 2.0
[-3480828, 3480977] 1.0
[-3480828, 3480978] 2.0
[-3480857, 3480848] 1.0
[-3480857, 3480849] 1.0
[-3480922, 3480813] 0.010000000000000002
[-3480824, 3480867] 0.25
[-3480857, 3480876] 1.0
[-3480833, 3481157] 1.0
[-3480833, 3481152] 0.15000000000000002
[-3481040, -3480858] 0.25
[-3480824, 3480881] 0.1
[-3480833, -3481143] 1.0
[-3480809, -3480869] 1.0
[-3480860, 3480871] 4.0
[-3480977, -3480858] 1.0
[-3480860, 3480870] 4.0
[-3481042, -3480858] 0.25
[-3480824, 3480821] 8.0
[-3480824, 3480819] 1.0
[-3480862, 3480983] 2.0
[-3480824, 3480823] 1.0
[-3480824, 3480824] 0.0075000000000000015
[3480831, -3480929] 2.0
[-3480857, 3480836] 2.0
[-3480813, -3480813] 2.0
[-3480824, 3480831] 4.0
[-3480828, 3480858] 6.0
[-3480860, 3480821] 1.0
[3480831, -3480831] 3.75
[-3480828, 3480859] 11.0
[-3480860, 3480841] 1.0
[-3480828, -3481152] 0.1
[-3480828, -3481157] 1.0
[-3480833, -3481002] 1.0
[-3480860, 3480844] 1.0
[-3480859, 3480813] 1.0
[-3480828, 3480883] 0.05
[-3480860, 3480860] 0.1
[3480819, -3481391] 1.0
[-3480809, -3480835] 8.0
[3480819, -3481434] 1.0
[-3480833, 3480977] 0.05
[-3480828, 3480819] 1.0
[-3480828, 3480833] 1.0
[-3480828, 3480831] 2.0
[-3480862, 3480862] 0.2
[-3480828, 3480828] 0.15000000000000002
