[]
[1276642, 4200641, 169296, 4196437, 4212806, 1212676, 505745, 1430338, 2770576]
[401052]
[] 1.0
[4295829, -4295837] 422.65000000000003
[4295829, -4295840] 437.5
[4295829, -4295839] 23.0
[-4295827, -4295850] 150.85
[4295829, -4295841] 19.0
[-4295854, 4295851] 2.0
[4295829, -4295850] 3.6
[-4295854, 4295854] 5.0
[-4295827, -4295860] 140.65
[-4295854, 4295855] 6.0
[-4295827, -4295829] 9482.2
[-4295854, 4295828] 3.0
[4295859] 1.0
[-4295827, -4295833] 1.0
[4295829, -4295828] 4.0
[4295829, -4295827] 3.0
[-4295827, -4295838] 159.0
[-4295827, -4295837] 1126.05
[4295829, -4295829] 460.25
[-4295827, -4295840] 117.55000000000001
[-4295827, -4295839] 6.0
[-4295827, -4295841] 224.0
[-4295854, 4295837] 3.0
[-4295827, -4295843] 32.0
[-4295827, -4295826] 3.3000000000000003
[-4295827, -4295828] 38872.3
[-4295827, -4295827] 27.0
[-4295827] 22.0
[4295829, -4295856] 31.0
[-4295854, 4295859] 2.0
[4295829, -4295860] 13.3
[-4295827, 4295836] 105.80000000000001
[-4295827, 4295838] 35.0
[-4295827, 4295843] 32.0
[-4295827, 4295849] 1.4000000000000001
[-4295827, 4295848] 11.0
[4295829, 4295856] 0.4
[4295839, -4295839] 1.0
[4295829, 4295859] 3.0
[-4295854] 3.0
[4295829, 4295829] 0.25
[-4295827, 4295827] 4.3500000000000005
[-4295827, 4295829] 11.0
[4295829, 4295836] 0.05
[-4295827, 4295831] 37.0
[-4295827, 4295835] 0.8500000000000001
[4295829, 4295827] 0.30000000000000004
[4295827] 1.0
[-4295827, 4295856] 1.1500000000000001
[4295829] 0.1
[-4295827, 4295858] 1.0
[4295839] 3.0
