[]
[1597240, 533450, 632463, 1686830, 1092711, 1293226, 51773, 1061853, 204237]
[1971719]
[3480836, -3480836] 6.9
[] 1.0
[3480836, -3480834] 5.7
[3480836, -3480835] 1.0
[3480844, 3481195] 9.0
[3480849] 0.05
[3480836, -3480842] 90.0
[3480836, -3480843] 90.0
[3480836, -3480841] 1.0
[3480841, -3480996] 1.0
[3480844, -3480831] 1.0
[3480844, -3480844] 121.0
[3480836, -3480851] 2.0
[-3480848, 3480836] 0.65
[3480836, -3480849] 1.35
[3480844, 3480961] 7.0
[3480844, -3480841] 1.0
[3480836] 0.30000000000000004
[3480848, 3480836] 0.05
[3480848, 3480841] 0.15000000000000002
[3480849, 3480809] 0.1
[3480848] 1.0
[-3480848, 3480841] 2.0
[3480841] 0.15000000000000002
[3480841, -3481012] 1.25
[-3480876, -3480876] 1.0
[3480848, 3480844] 0.25
[3480844] 1.0
[3480836, -3480867] 1.0
[-3480848, 3480849] 0.05
[3480844, -3480867] 1.0
[3480836, -3480870] 4.3
[3480841, -3481025] 2.0
[3480836, -3480871] 4.3
[3480841, 3481012] 1.0
[3480876, -3480845] 0.7000000000000001
[3480844, 3480925] 2.0
[3480836, 3480925] 5.0
[-3480876] 1.0
[3480841, 3481025] 4.0
[-3480876, -3480845] 0.4
[3480844, -3480881] 1.0
[-3480845, -3481036] 1.0
[3480844, -3480878] 7.0
[-3480845, -3480848] 16.0
[-3480845, -3480851] 1.0
[3480841, 3480844] 2.0
[3480849, 3480871] 0.9500000000000001
[3480849, 3480870] 0.9500000000000001
[3480844, -3481287] 1.0
[3480841, 3481126] 3.0
[-3480845, -3480876] 15.0
[3480844, 3481288] 10.0
[3480841, 3481125] 3.0
[3480844, 3481287] 0.9
[3480841, 3480868] 4.0
[3480848, 3480849] 0.05
[3480848, 3480848] 1.0
[3480841, -3480958] 2.0
[3480849, 3480821] 1.0
[3480841, 3480813] 3.0
[3480841, 3480819] 1.0
[3480841, 3480821] 5.0
[3480841, -3480976] 1.0
[3480841, -3480974] 2.0
[3480841, 3480831] 1.0
[-3480845, -3480841] 1.0
[3480849, 3480841] 0.30000000000000004
[3480849, -3480974] 1.0
[3480849, -3480972] 1.0
[3480876] 1.0
[3480849, 3480844] 0.25
[-3480845, 3480857] 0.55
[3480849, -3480851] 1.0
[3480836, 3480809] 0.4
[3480876, 3480849] 0.05
[3480841, 3480910] 2.0
[3480849, -3480849] 0.8500000000000001
[3480836, -3480972] 1.0
[3480841, -3481125] 1.25
[3480841, -3481126] 1.25
[3480844, -3480961] 2.7
[3480841, -3480868] 1.0
[3480849, 3480925] 2.0
[3480836, 3480822] 3.0
[3480849, -3480871] 2.3000000000000003
[3480836, 3480821] 5.0
[3480849, -3480870] 2.3000000000000003
[3480836, -3480974] 2.0
[3480841, -3480874] 2.0
[-3480848, -3480845] 0.7000000000000001
[-3480845, 3480876] 13.0
[3480841, 3480935] 1.0
[3480848, -3480845] 0.4
[3480841, 3480934] 1.0
[3480841, -3480881] 1.0
[3480841, 3480933] 2.0
[3480841, -3480895] 1.0
[3480841, 3480874] 4.0
[-3480845, 3480895] 3.0
[-3480876, 3480841] 0.15000000000000002
[3480841, -3480912] 1.0
[3480841, -3480910] 1.0
[-3480876, 3480836] 0.05
[-3480876, 3480849] 0.05
[3480836, -3481021] 2.0
[3480876, 3480836] 0.65
[3480841, -3480917] 1.0
[-3480876, 3480848] 1.0
[3480848, -3480876] 1.0
[3480876, 3480841] 2.0
[-3480876, 3480844] 0.25
[3480836, 3480870] 2.9000000000000004
[3480836, 3480867] 1.0
[3480844, 3480881] 0.25
[-3480848] 1.0
[3480841, 3480974] 3.0
[3480836, 3480871] 2.9000000000000004
[3480841, 3480972] 2.0
[3480844, -3480895] 2.0
[-3480845] 16.0
[3480836, 3480841] 0.9
[3480836, 3480844] 0.5
[3480841, -3480837] 1.1500000000000001
[-3480845, 3480831] 1.0
[3480841, -3480836] 8.0
[-3480845, 3480841] 0.35000000000000003
[3480844, -3481195] 8.0
[3480849, -3480835] 1.0
[-3480845, 3480836] 0.25
[3480849, -3480836] 3.0500000000000003
[3480841, -3480844] 1.0
[3480841, 3480958] 0.2
[-3480845, 3480834] 1.35
[3480841, -3480841] 368.0
[3480849, -3480834] 2.75
[-3480845, 3480848] 15.0
[-3480845, 3480849] 0.15000000000000002
[3480836, 3480860] 0.30000000000000004
[3480844, 3480867] 1.0
[3480836, -3480952] 1.0
[3480849, -3480843] 46.0
[-3480845, 3480844] 0.55
[-3480845, 3480845] 2.0
[3480849, -3480841] 1.0
[-3480845, 3480842] 0.30000000000000004
[3480849, -3480842] 46.0
[-3480845, 3480843] 0.30000000000000004
