[]
[3316864, 396304, 2801683, 482301, 2683042, 785280, 1078604, 117855, 4220607]
[3553480]
[4295844, 4295828] 2.0
[] 1.0
[4295837, -4295829] 163.35000000000002
[4295844] 0.1
[4295844, 4295834] 49.0
[4295837, -4295837] 219.95000000000002
[4295837, -4295840] 220.25
[4295844, 4295837] 2.0
[4295851] 1.0
[4295837, -4295839] 2.0
[4295844, 4295840] 2.0
[-4295844, -4295844] 1.0
[4295834, -4295853] 0.9500000000000001
[4295837, -4295826] 3.0
[4295828, -4295839] 3.0
[4295828, -4295838] 5.95
[4295828, -4295841] 142.3
[4295828, -4295840] 35.800000000000004
[4295828, -4295843] 0.5
[-4295844, 4295828] 2.0
[4295828, -4295850] 18.35
[-4295844, 4295834] 49.0
[4295828, -4295827] 14.0
[4295837, -4295850] 6.1000000000000005
[4295828, -4295826] 6.0
[4295828, -4295829] 10299.25
[4295828, -4295828] 22727.4
[4295828, -4295833] 1.0
[4295837, -4295856] 1.0
[4295828, -4295837] 317.5
[4295837, -4295860] 81.35000000000001
[-4295844, 4295851] 1.0
[-4295844] 0.1
[4295834, 4295829] 2.0
[4295839, -4295839] 5.0
[-4295844, 4295837] 2.0
[-4295844, 4295840] 2.0
[4295828, -4295860] 152.8
[4295844, -4295844] 1.0
[-4295844, 4295844] 1.0
[4295828, 4295843] 0.5
[4295834, -4295832] 7.0
[4295834, -4295834] 3.1
[4295828, 4295848] 2.0
[4295851, -4295851] 82605.65000000001
[4295834, -4295839] 10.0
[4295837, 4295827] 9.0
[4295828, 4295849] 2.0
[4295837, 4295829] 5.0
[4295834, -4295842] 1.8
[4295828, 4295856] 2.0
[4295844, 4295844] 1.0
[4295828, 4295827] 1.3
[4295828] 2.0
[4295828, 4295829] 1.0
[4295828, 4295831] 8.0
[4295828, 4295836] 127.95
[4295834] 15.0
[4295828, 4295835] 4.0
[4295844, 4295851] 1.0
[4295828, 4295838] 0.7000000000000001
[4295837] 1.0
[4295839] 2.0
