[]
[630840, 535517, 2157127, 2144440, 2730595, 2163770, 1232201]
[2636094, 1618352, 277578]
[3480852, 3480822] 3.0
[] 1.0
[3480852, 3480949] 11.0
[3480852, -3480949] 6.0
[3480852, 3480821] 1.0
[3480852, 3480954] 1.0
[3480852, -3480944] 1.0
[3480852] 13.0
[3480852, -3481071] 0.4
[3480951, -3480951] 274.15000000000003
[3480876, 3480852] 14.0
[3480852, 3480827] 2.0
[3480852, -3480836] 0.30000000000000004
[3480852, -3480834] 0.6000000000000001
[3480852, -3481090] 2.0
[3480852, -3480835] 2.9000000000000004
[3480951, -3480832] 1.0
[3480852, 3480844] 0.6000000000000001
[3480852, -3480970] 1.0
[3480852, -3480838] 0.15000000000000002
[3480852, -3480852] 0.5
[3480951] 1.0
[-3480848, 3480852] 14.0
[3480852, 3481054] 3.0
[3480852, -3480869] 0.1
[3480852, -3480867] 2.0
[3480852, 3480810] 1.0
[3480852, 3480809] 0.45
[3480852, 3481065] 4.0
[3480852, -3481004] 2.0
[3480852, -3481133] 1.0
[3480852, 3480812] 0.1
[3480852, -3480874] 1.0
[3480852, -3481131] 0.8
[3480852, -3480870] 1.0
[3480852, -3480871] 1.0
[-3480848] 1.0
[3480852, -3481021] 1.0
[3480951, -3480898] 1.0
[3480852, -3481025] 1.0
[3480852, -3480913] 2.0
[3480852, 3480869] 0.1
[3480852, 3480867] 1.0
[3480852, -3480938] 0.55
[3480852, -3480936] 0.65
[3480852, -3481065] 7.0
[3480852, -3480937] 2.0
[3480852, 3480881] 1.0
[3480876] 1.0
