[]
[2341667, 2769678, 2097380, 564781, 1958730, 2210662, 84886, 1576578, 115085]
[2545207]
[3480836, -3480836] 1.0
[] 1.0
[3480836, -3481090] 2.0
[3480836, -3480834] 10.0
[3480836, -3480835] 25.0
[3480863, -3480901] 2.0
[3480936, 3480914] 1.0
[3480863] 1.0
[3480936, -3480869] 1.0
[3480936, -3480867] 1.0
[3480844, -3480844] 29.400000000000002
[3480844, -3481100] 2.0
[3480837] 2.0
[3480837, 3480917] 1.0
[3480863, -3481173] 12.9
[3480863, -3480917] 2.0
[3480938, -3480938] 0.30000000000000004
[3481004, -3480937] 1.0
[3480836] 2.0
[3480938, -3480936] 0.45
[3480835] 17.0
[3480844, -3480839] 1.0
[3480936, -3481131] 1.0
[3480837, 3480931] 1.0
[3480844] 2.0
[3480863, -3480937] 1.0
[3480836, -3480869] 2.0
[3480835, -3480838] 1.0
[3481004, 3480813] 1.0
[3480863, -3480938] 1.0
[3480938, 3480811] 2.0
[3480835, -3480835] 12.100000000000001
[3480863, 3480831] 3.0
[-3480888, 3480812] 3.0
[3480835, -3480836] 2.0
[3480938, 3480809] 1.0
[3480835, -3481090] 1.3
[3480835, -3480834] 2.0
[3480938, -3480952] 1.0
[3480835, -3481088] 2.0
[-3481027, 3481021] 1.0
[3480844, -3481111] 2.0
[3480936, 3480875] 2.0
[-3480888, 3480822] 0.30000000000000004
[3481004, 3480821] 2.0
[3480844, -3480866] 26.35
[3480836, 3480914] 1.0
[3480836, 3480913] 2.0
[-3480888] 0.9
[3481021, 3480809] 1.0
[3480863, -3480939] 25.8
[3480863, 3481099] 3.0
[3480938, -3480972] 1.0
[3481004, 3480831] 1.0
[3481021, 3480822] 1.0
[3480863, -3480962] 3.0
[-3480888, 3481091] 3.0
[3480835, -3481113] 2.0
[-3480888, 3481090] 26.0
[3480844, -3480881] 1.0
[3480837, 3480971] 2.0
[3481021, -3480871] 1.0
[3480863, 3480933] 1.0
[3480863, -3480837] 15.850000000000001
[3481021, -3480870] 1.0
[3480863, -3480836] 4.0
[-3481027, 3480939] 1.0
[3480936, -3481065] 1.0
[3480938, 3480914] 1.0
[3480938, -3481131] 1.0
[3481004, 3480934] 1.0
[3480863, -3480863] 73.5
[-3480888, -3480822] 2.0
[3481004, 3480935] 3.0
[3480837, 3480935] 1.0
[3480837, 3480934] 2.0
[3480863, -3480874] 2.0
[3480938, 3480875] 2.0
[3480837, 3480933] 1.0
[3480863, -3480871] 1.0
[3480863, -3481125] 1.0
[3480863, 3480901] 2.0
[3480863, -3481126] 1.0
[3480863, -3480870] 1.0
[3480863, -3480867] 3.0
[3480936, -3480838] 0.8500000000000001
[3480936, -3480836] 3.9000000000000004
[3480837, -3480837] 21.3
[3480936, -3480834] 3.95
[3480936, -3480835] 8.0
[3480837, -3480852] 1.0
[3480936, -3480852] 5.0
[3480936, -3480851] 1.0
[3481004, 3480972] 2.0
[3480836, 3480809] 2.0
[-3480888, -3480869] 0.25
[3480835, -3480941] 2.0
[3480837, -3481004] 2.0
[3480844, -3480962] 2.0
[-3480888, 3480913] 0.4
[3480835, -3480936] 2.0
[3480836, 3480822] 2.0
[3480835, 3481113] 1.0
[3480835, 3480855] 1.0
[-3481027] 1.0
[3480938, -3481065] 1.0
[3481021, -3480836] 7.0
[3480836, 3480827] 1.0
[3480835, 3480864] 3.0
[3480835, -3480952] 3.0
[3480835, 3480809] 27.0
[3480936, -3481021] 0.2
[3481021, -3480851] 2.3000000000000003
[3480938, -3480838] 0.4
[3480835, 3480812] 2.0
[3481004, -3480837] 2.0
[3480835, 3480811] 2.0
[3481021, -3480849] 11.0
[3480863, -3481071] 4.0
[3480938, -3480836] 0.6000000000000001
[-3480888, -3480834] 1.0
[3480835, 3480810] 2.0
[3480938, -3480834] 0.45
[3480835, -3480970] 1.0
[3480863, 3480972] 2.0
[3480835, 3480821] 2.0
[3480936] 8.0
[3480837, 3481012] 2.0
[3480863, 3480974] 1.0
[3480863, -3480822] 4.0
[-3480888, 3480952] 4.0
[3480835, 3480822] 5.0
[3480835, 3480827] 5.0
[-3480888, 3480964] 2.0
[3480938] 1.0
[3480938, -3480851] 1.0
[3480835, -3480869] 6.0
[3480836, 3480869] 2.0
[3480844, 3480881] 1.0
[3481004, -3480996] 1.0
[3480936, -3480936] 1.4000000000000001
[3480936, -3480937] 3.0
[3480835, -3481131] 4.3500000000000005
[3480835, 3480913] 5.0
[3481004, -3481004] 11.75
[-3481027, 3480819] 1.0
[3480835, 3480914] 1.0
[3480863, 3480821] 1.0
[3480836, -3480913] 1.0
[3480835, -3480882] 2.0
[3480863, 3480819] 1.0
[3480936, -3480938] 0.75
[-3481027, 3480813] 1.0
[-3480888, 3480869] 0.25
[3480936, -3480952] 1.0
[3480936, 3480864] 1.0
[-3480888, -3480952] 0.15000000000000002
[3480936, 3480869] 1.0
[3481021, -3481021] 1.7000000000000002
[3480863, -3480988] 2.0
[3480936, 3480867] 1.0
[3480835, 3480869] 8.0
[-3481027, 3480835] 5.0
[3480936, 3480809] 8.0
[3480938, -3481021] 0.2
[3480863, -3480998] 5.15
[3480863, -3480996] 5.0
[3480936, 3480811] 2.0
[3481021] 1.0
[3480835, 3480875] 3.0
[3481004, 3481012] 2.0
[3480836, -3480936] 1.0
[3480835, 3480881] 1.0
[3480936, 3480822] 4.0
[3480863, -3481004] 1.35
[-3481027, 3480850] 1.0
[3480837, 3480821] 2.0
[-3480888, -3480913] 0.35000000000000003
[3480835, -3480913] 2.0
[3480936, -3480972] 1.0
[-3481027, 3480844] 4.0
[3480863, -3481012] 2.0
[3480936, 3480827] 2.0
[3480837, 3480831] 1.0
[3480863, -3481025] 10.0
[3480844, -3480949] 1.0
[3480836, 3480864] 1.0
[-3481027, 3480852] 1.0
[3481004] 2.0
