[]
[991277, 1709000, 2176631, 360867, 1399922, 1592722, 2371407, 2155772, 2725924]
[2760294]
[3480933, -3481283] 1.0
[-3481173] 3.0
[] 1.0
[3480819, -3480822] 0.7000000000000001
[3480933, -3481281] 1.0
[3480819, -3480819] 8.448828125000004E-7
[3480933, -3481282] 1.0
[3480819, -3480818] 1.0
[3480819, -3480828] 0.30000000000000004
[-3481173, 3481173] 3.0
[3480933, -3481285] 1.0
[3480819, -3480824] 0.8500000000000001
[3480819, -3480833] 1.0
[3480819, -3480831] 0.21250000000000002
[3480819, -3480846] 0.011550000000000001
[3480819, -3480844] 2.0
[3480819, -3480853] 0.05500000000000001
[3480933, -3481316] 2.0
[-3480863, -3480962] 0.010000000000000002
[3480819, -3480850] 1.0
[3480819, 3480918] 1.0
[3480933, -3480811] 0.003075000000000001
[3480933, -3480812] 0.2755
[3480819, -3480862] 0.05825
[3480933, -3480809] 9.001562500000005E-6
[3480819, -3480859] 0.37000000000000005
[3480933, -3480810] 0.07187500000000001
[3480819, -3480860] 0.24187500000000003
[-3480863, 3480813] 0.1
[3480819, -3480857] 0.4850000000000001
[3480819, 3480929] 0.2
[3480819, -3480855] 0.30000000000000004
[3480879, -3481180] 2.0
[3480933, -3480819] 8.448828125000004E-7
[3480819, -3480867] 0.30000000000000004
[3480933, -3480818] 1.0
[3480819, -3480868] 2.0
[3480819, 3480930] 0.2
[-3480863, 3480821] 2.0
[3480819, -3481378] 1.0
[-3480863, 3480819] 0.05
[3480933, -3480813] 9.825000000000003E-4
[3480933, -3480828] 0.30000000000000004
[3480879, -3481199] 1.0
[3480933, -3480824] 0.8500000000000001
[3480819, -3481386] 1.0
[3480879, -3481198] 1.0
[3480933, -3480822] 0.7000000000000001
[3481025, -3480996] 0.0125
[3480819, -3481266] 2.0
[3480933, -3481227] 0.35000000000000003
[-3480939, 3481027] 0.1
[3480974, 3480822] 2.0
[3481025, -3481004] 5.0
[3480974, 3480826] 1.0
[3480819, -3481285] 1.0
[-3480998, 3480813] 0.25
[3480819, -3481283] 1.0
[3480819, -3481281] 1.0
[3481025, -3481012] 2.0
[3480819, -3481282] 1.0
[-3480998, -3480988] 0.45
[-3480998, 3480821] 2.0
[-3480998, 3480819] 0.05
[3480974, -3480974] 1.0
[3480974, -3480972] 1.0
[-3480939, 3481036] 1.0
[3480933, -3481238] 2.0
[-3480863, -3481027] 0.2
[3480879, -3481111] 1.0
[3481025, -3481025] 0.08000000000000002
[3480933, -3481266] 2.0
[3480819, -3481316] 2.0
[3480974, -3480999] 1.0
[3480819, -3480813] 9.825000000000003E-4
[3480819, -3480811] 0.003075000000000001
[3480819, -3480812] 0.2755
[3480819, -3480809] 9.001562500000005E-6
[3480974, 3480812] 1.0
[3480819, -3480810] 0.07187500000000001
[3480879, -3481134] 1.0
[3480974, 3480810] 1.0
[3480974, 3480809] 0.0125
[3480879, -3481018] 3.0
[3480879, -3481014] 2.0
[3480819, -3481199] 2.0
[3480879, -3481011] 1.0
[3480879, -3481012] 1.0
[3480879, -3481024] 5.0
[3480879, -3481022] 0.5
[3480933, 3480881] 2.0
[3480819, -3481207] 0.25
[3481025, -3480938] 0.05
[3480879, -3481033] 0.2
[3480933, 3480884] 0.05
[3480879, -3481041] 0.25
[3480879, -3481042] 2.0
[3480819, -3481227] 0.35000000000000003
[3480879, -3481039] 0.25
[3480933, 3481404] 0.35000000000000003
[3480879, -3481040] 2.0
[3480819, -3481238] 2.0
[3480879, -3481045] 0.15000000000000002
[3480879, -3481046] 0.05
[3481025, -3480976] 1.0
[-3480863, -3480848] 0.05
[3480933, 3480850] 0.45
[3481025, -3480972] 0.05
[3480974, -3480938] 1.0
[3480879, -3481063] 0.0675
[3480933, -3481199] 2.0
[3480819, 3481324] 2.0
[3480933, -3481207] 0.25
[3480819, 3480884] 0.05
[3480819, -3481139] 1.0
[3480819, 3481404] 0.35000000000000003
[3480879, -3480962] 4.0
[-3480863] 0.2
[3480879, -3480957] 0.15975000000000003
[-3480939, 3480895] 2.0
[3481025, -3480874] 0.12750000000000003
[3480933, -3481104] 3.0
[3480933, -3481101] 2.0
[3480974, -3480836] 5.0
[3480933, -3481115] 1.0
[3480879, -3480977] 0.025
[-3481173, 3480998] 0.15000000000000002
[3480819, 3480850] 0.45
[3480879, -3480984] 1.0
[3480879, -3480981] 0.45
[3480879, -3480979] 1.0
[3480933, -3481139] 1.0
[3480974, -3480874] 2.0
[-3480939, 3480938] 0.1
[3480933, 3480918] 1.0
[-3481173, 3481025] 0.1
[3480879, -3481002] 1.55
[-3480939, 3480939] 0.15000000000000002
[3480879, -3481007] 1.0
[3480819, 3480881] 2.0
[3480933, 3480930] 0.2
[3480933, 3480929] 0.2
[3480879, 3480881] 0.25
[3480879, -3480887] 0.0075000000000000015
[3480819, -3481076] 0.17000000000000004
[3480933, -3481024] 0.15000000000000002
[-3480863, 3481027] 0.05
[3480879, -3480883] 0.42000000000000004
[3480933, -3481022] 0.2
[-3480939, 3480821] 1.0
[-3480939, 3480835] 1.0
[3480933, 3481261] 0.2
[3480933, -3481033] 0.2
[-3480863, 3481036] 1.0
[3480933, -3481031] 1.0
[3480879, -3480894] 0.022500000000000003
[3481025, 3480972] 1.0
[3480879, -3480903] 0.35000000000000003
[3480933, -3481042] 0.15000000000000002
[3480933, -3481040] 0.15000000000000002
[3480879, -3480902] 5.0
[3480933, -3481038] 0.04750000000000001
[3480819, -3481101] 2.0
[3481025, -3480832] 0.6000000000000001
[-3481173, 3480934] 0.2
[-3480939, 3480848] 0.1
[-3481173, 3480933] 0.05
[3480933, -3481045] 0.25
[-3480939, 3480844] 1.0
[3480933, -3481046] 0.2
[3480821] 1.0
[3480879, -3480922] 0.05
[3481025, -3480837] 2.0
[3480819, 3481171] 2.0
[3480879, -3480919] 0.8500000000000001
[3481025, 3480935] 1.0
[3481025, 3480932] 0.1
[3480819] 0.05
[3480819, -3481104] 3.0
[3480879, -3480916] 3.0500000000000003
[-3480863, 3481071] 0.4
[3480819, -3481115] 1.0
[3480933, -3481063] 0.125
[3480933, -3481076] 0.17000000000000004
[3480879, -3480933] 1.0
[3480879, -3480934] 0.30750000000000005
[3480879, -3480931] 0.005500000000000001
[3480933, -3481070] 0.01625
[3480879, -3480932] 0.22250000000000003
[3480879, -3480942] 3.0
[3480819, -3481013] 1.0
[3480819, -3481014] 2.0
[3480819, -3481011] 1.0
[3480933, -3480962] 0.5
[3480879, -3480824] 0.08750000000000001
[3480879, -3480822] 0.05
[3480933, -3480957] 1.0
[3480881, -3480881] 0.25
[3480819, -3481007] 1.0
[3480879, -3480819] 3.2
[3480933, -3480971] 1.0
[3480879, -3480833] 3.0
[3480819, -3481022] 0.2
[3480933, 3481324] 2.0
[3480819, -3481018] 0.4
[3480879, -3480827] 3.0
[3480879, -3480828] 5.45
[3480933, -3480979] 0.024625000000000008
[-3480939, -3481027] 0.15000000000000002
[-3480863, -3480822] 1.0
[3480819, -3481024] 0.15000000000000002
[3480974, -3481221] 1.0
[3480819, -3481038] 0.04750000000000001
[3480879, -3481362] 1.0
[3480933, -3480983] 0.05
[3480819, -3481033] 0.2
[3480879, -3480846] 0.004325000000000002
[3480819, -3481031] 1.0
[3480819, -3481045] 0.25
[3480879, -3480857] 0.1625
[3480819, -3481046] 0.2
[3480879, -3480853] 0.5
[3480881] 1.0
[3480819, -3481042] 0.15000000000000002
[3480819, -3481040] 0.15000000000000002
[-3480863, 3481004] 3.0
[3480933, -3481002] 0.28
[3480879, -3480864] 1.0
[3480879, -3480862] 0.15675000000000003
[3480879, -3480859] 0.04000000000000001
[3480879, -3480860] 1.1525
[3480933, -3481011] 1.0
[3480879, -3480874] 0.25
[3480933, -3481007] 1.0
[3480879, -3480869] 1.0
[3480879, -3480867] 0.45
[3480933, -3481006] 3.0
[3481025, 3481012] 1.0
[3480819, 3481261] 0.2
[3480879, -3480881] 0.1
[3480819, -3481070] 0.01625
[-3480939, 3480819] 0.05
[3480879, -3480879] 0.135
[3480933, -3481018] 0.4
[3480879] 0.25
[3480933, -3481013] 1.0
[3480819, -3481063] 0.125
[-3480939] 0.05
[3480933, -3481014] 2.0
[-3480939, 3480813] 0.1
[-3480998, 3480988] 0.45
[3480933, -3480894] 0.045875000000000006
[3480819, -3480957] 1.0
[-3480998, 3480998] 1.0
[3480933, -3480906] 1.0
[3480819, -3480956] 1.0
[3480933, -3480903] 1.4500000000000002
[3480933, -3480902] 0.4
[3480933, -3480916] 0.5375
[3480933, -3480914] 1.0
[3480933, 3481147] 1.0
[3480819, -3480962] 0.5
[3480974] 6.0
[3480819, -3480971] 1.0
[3480933, -3480922] 1.0
[3480933, -3480919] 1.0
[3480933, -3480917] 2.0
[3480933, -3480931] 0.065625
[3480933, -3480932] 0.48250000000000004
[3480819, -3480979] 0.024625000000000008
[-3481173, 3480813] 0.35000000000000003
[3480974, 3480855] 2.0
[-3481173, 3480821] 3.0
[-3480998, 3481025] 0.1
[3480933, -3480933] 0.13950000000000004
[3481025, 3480813] 0.15000000000000002
[3480819, -3480983] 0.05
[3480933, -3480934] 0.07500000000000001
[-3481173, 3480819] 0.05
[3480879, -3480809] 0.0010359375000000002
[3480879, -3481321] 1.0
[3480933] 0.05
[-3480998] 3.0
[3481025, 3480821] 1.0
[3480933, -3480956] 1.0
[3480819, -3481006] 3.0
[3481025, 3480831] 1.0
[3480879, -3480813] 4.925000000000002E-4
[3480819, -3481002] 0.28
[3480879, -3480811] 0.0028812500000000006
[3480933, -3480833] 1.0
[3480933, -3480831] 0.21250000000000002
[3480819, -3480881] 3.421875000000001E-6
[-3480863, 3480835] 0.55
[3480819, -3480879] 0.4650000000000001
[3480819, -3481391] 1.0
[3480879, 3480819] 0.05
[3480879, -3481217] 0.0175
[3480933, -3480844] 2.0
[3480819, -3480894] 0.045875000000000006
[3480879, 3480824] 1.0
[-3480998, 3480933] 0.05
[3480819, 3481147] 1.0
[-3480863, 3480844] 1.0
[3481025, 3480910] 1.0
[3480819, -3480887] 0.4600000000000001
[3480819, -3480902] 0.4
[3480879, 3480831] 1.0
[3480933, -3480850] 1.0
[-3480863, 3480850] 4.0
[3481025] 0.05
[3480933, -3480846] 0.011550000000000001
[3480933, -3480859] 0.37000000000000005
[3480933, -3480860] 0.24187500000000003
[-3480863, 3480863] 0.35000000000000003
[3480933, -3480857] 0.4850000000000001
[3480933, -3480855] 0.30000000000000004
[3480819, -3480906] 1.0
[3480933, -3480853] 0.05500000000000001
[3480819, -3480903] 1.4500000000000002
[3480879, -3481227] 1.0
[3480933, -3480867] 0.30000000000000004
[3480819, -3480917] 2.0
[3480933, -3480868] 2.0
[3480933, -3481378] 1.0
[3480819, -3480916] 0.5375
[3480819, -3480914] 1.0
[3480879, -3481238] 1.0
[3480933, -3480862] 0.05825
[-3480863, 3480876] 0.05
[3480933, -3481386] 1.0
[3480933, 3481171] 2.0
[3480819, -3480922] 1.0
[3480819, -3480919] 1.0
[3480819, -3480933] 0.13950000000000004
[3480819, -3480934] 0.07500000000000001
[3480933, -3480881] 3.421875000000001E-6
[3480819, -3480931] 0.065625
[3480819, -3480932] 0.48250000000000004
[3480933, -3480879] 0.4650000000000001
[3480933, -3481391] 1.0
[3480879, -3481253] 1.0
[-3480863, 3480881] 1.0
[3480879, -3481265] 1.0
[-3480863, 3480895] 2.0
[3480933, -3480887] 0.4600000000000001
[-3480939, -3480876] 0.1
