[]
[239571, 1392580, 1444085, 51701, 856357, 4197850, 773590, 681029, 4220607]
[4276636]
[-4295837, 4295827] 7.0
[-4295856, -4295843] 0.15000000000000002
[] 1.0
[-4295837, 4295826] 1.4500000000000002
[-4295829, 4295836] 9.0
[-4295837, 4295828] 0.23500000000000001
[-4295829, 4295839] 7.550000000000001
[-4295837, 4295830] 1.9000000000000001
[-4295837, 4295834] 2.7150000000000003
[-4295856, -4295850] 0.34500000000000003
[-4295837, 4295839] 2.9425000000000003
[-4295837, 4295841] 0.9
[-4295829, 4295848] 1.0
[-4295837, 4295840] 0.030625000000000003
[-4295856, -4295827] 0.65
[-4295856, -4295826] 4.0
[4295827, 4295829] 0.30000000000000004
[-4295856, -4295829] 0.05407937500000001
[-4295856, -4295828] 0.12267406250000004
[-4295856, -4295833] 1.0
[-4295829, 4295827] 0.9650000000000001
[-4295829, 4295829] 0.0027937500000000007
[-4295856, -4295837] 0.532
[-4295856, -4295839] 3.0
[-4295856, -4295838] 5.65
[-4295829, 4295833] 4.25
[-4295856, -4295841] 0.3273750000000001
[-4295856, -4295840] 1.4900000000000002
[-4295837, 4295859] 10.350000000000001
[-4295837, 4295858] 0.5100000000000001
[-4295837, 4295861] 2.0500000000000003
[-4295837, 4295860] 0.01725
[-4295837, 4295862] 2.0
[-4295837, 4295842] 4.1000000000000005
[-4295827] 1.0
[-4295837, 4295845] 3.1
[-4295826] 17.0
[-4295837, 4295844] 0.39000000000000007
[-4295829] 7.953125000000002E-4
[-4295837, 4295847] 0.066875
[-4295837, 4295846] 1.0
[-4295829, 4295859] 3.18
[-4295837, 4295851] 2.0
[-4295829, 4295858] 0.45
[-4295837, 4295853] 6.75
[-4295837, 4295852] 0.34750000000000003
[-4295837] 4.5375000000000005
[-4295837, 4295855] 0.5575
[-4295837, 4295854] 0.17750000000000002
[-4295837, 4295857] 2.85
[4295827, -4295839] 0.75
[-4295850, -4295836] 0.25
[-4295840, 4295855] 0.8
[-4295840, 4295858] 0.4675
[-4295840, 4295857] 2.7
[4295829, 4295849] 2.0
[-4295840, 4295860] 3.4000000000000004
[4295829, 4295848] 1.0
[-4295840, 4295859] 11.0
[-4295856, 4295843] 0.15000000000000002
[-4295840, 4295862] 1.0
[-4295840, 4295861] 21.0
[-4295856, 4295848] 1.0
[-4295856, 4295849] 2.0
[4295829, 4295829] 0.0033750000000000004
[-4295840, 4295839] 0.7450000000000001
[4295829, 4295831] 7.0
[-4295840, 4295841] 2.95
[-4295840, 4295844] 0.36750000000000005
[4295827, -4295827] 8.0
[-4295856, 4295827] 1.05
[4295829, 4295835] 2.0
[4295827, -4295829] 3.0
[-4295840, 4295845] 0.385
[4295829, 4295836] 0.30850000000000005
[-4295840, 4295847] 0.17250000000000001
[-4295856, 4295831] 7.0
[4295829, 4295838] 0.30000000000000004
[-4295840, 4295852] 3.6
[-4295856, 4295836] 0.30850000000000005
[-4295840, 4295851] 2.0
[-4295856, 4295835] 2.0
[4295829, 4295843] 0.15000000000000002
[-4295840, 4295854] 0.1375
[-4295856, 4295838] 0.30000000000000004
[-4295840, 4295853] 11.0
[-4295840, -4295861] 1.1500000000000001
[4295829, 4295827] 1.1
[4295827, 4295859] 1.0
[-4295840, -4295845] 0.30500000000000005
[-4295840, -4295844] 0.36500000000000005
[-4295856, -4295860] 0.018812500000000003
[-4295840, -4295857] 0.16500000000000004
[-4295860, -4295847] 1.0
[4295829, -4295838] 5.65
[4295829, -4295837] 0.5322500000000001
[4295829, -4295840] 1.495
[-4295827, -4295847] 2.9000000000000004
[4295829, -4295839] 3.0
[-4295850, 4295850] 0.5750000000000001
[4295829, -4295841] 0.3273750000000001
[4295829, -4295843] 0.15000000000000002
[-4295860, -4295857] 7.0
[4295829, -4295850] 0.42500000000000004
[-4295826, 4295855] 0.04750000000000001
[4295859] 1.0
[4295829, -4295826] 4.0
[-4295826, 4295860] 1.0
[4295829, -4295828] 0.12267406250000004
[4295829, -4295827] 0.65
[-4295860, -4295839] 1.0
[4295829, -4295829] 0.05422031250000001
[4295829, -4295833] 1.0
[-4295860, -4295845] 1.1500000000000001
[-4295860, -4295844] 1.1
[-4295826, -4295847] 5.445
[-4295840, 4295826] 1.1
[-4295840, 4295828] 0.22250000000000003
[-4295840, 4295827] 2.3000000000000003
[-4295840, 4295830] 0.15000000000000002
[-4295840, 4295834] 2.5
[-4295827, -4295827] 2.0
[-4295840, 4295837] 0.008387500000000003
[4295829, -4295860] 0.018812500000000003
[-4295829, -4295847] 0.009504375000000002
[-4295840] 0.25525000000000003
[-4295829, -4295850] 6.0
[-4295860, 4295837] 0.3225
[-4295837, -4295857] 3.5
[-4295860, 4295840] 0.75
[-4295829, -4295852] 1.0200000000000002
[-4295860, 4295839] 1.6500000000000001
[-4295829, -4295854] 1.1475000000000002
[-4295860, 4295841] 0.30000000000000004
[-4295829, -4295853] 4.0
[-4295837, -4295861] 3.4000000000000004
[-4295860, 4295844] 1.1
[-4295829, -4295855] 0.012512500000000003
[-4295829, -4295858] 5.4
[-4295860, 4295845] 0.8500000000000001
[-4295850] 1.2000000000000002
[-4295829, -4295860] 9.0
[-4295860, 4295847] 8.0
[-4295829, -4295862] 1.0
[-4295856] 0.05
[-4295829, -4295834] 18.0
[-4295829, -4295833] 2.85
[-4295837, -4295844] 0.39000000000000007
[-4295860] 11.0
[-4295860, 4295826] 4.45
[-4295827, 4295827] 2.0
[-4295829, -4295837] 0.35000000000000003
[-4295837, -4295845] 5.25
[-4295860, 4295828] 0.12000000000000002
[-4295827, 4295829] 2.0
[-4295829, -4295840] 3.1
[-4295860, 4295827] 0.35000000000000003
[-4295829, -4295839] 0.8550000000000001
[-4295829, -4295842] 1.0
[-4295860, 4295834] 1.0
[-4295826, 4295837] 0.35000000000000003
[-4295829, -4295826] 11.200000000000001
[-4295826, 4295847] 2.0
[-4295829, -4295827] 0.18000000000000002
[-4295826, 4295852] 11.0
[-4295826, 4295851] 2.0
[-4295829, -4295829] 0.043875000000000004
[-4295860, 4295852] 8.0
[-4295860, 4295851] 2.0
[-4295860, 4295854] 1.25
[4295827] 1.3
[-4295860, 4295853] 2.0
[-4295826, 4295826] 8.0
[-4295860, 4295855] 0.3325
[4295829] 0.15000000000000002
[-4295826, 4295828] 0.05
[-4295860, 4295858] 1.0
[-4295860, 4295857] 3.0
[-4295860, 4295860] 2.7
[-4295860, 4295859] 2.75
[-4295860, 4295861] 6.0
