[]
[2110240, 2250992, 544556, 42326, 2735694, 1836901, 578292, 1119868, 397675]
[1206486]
[] 1.0
[-3480809, -3481132] 1.0
[-3480813, -3481012] 1.0
[-3480934, 3480935] 3.0
[-3480934, 3480933] 0.005000000000000001
[-3480934, 3480931] 0.1
[-3480934, 3480932] 0.2
[-3481097, 3480874] 1.0
[3480824, 3480813] 0.05
[-3480833, 3480881] 1.0
[-3481097, 3480873] 1.0
[3480824, 3480821] 1.0
[3480824, 3480819] 0.1
[-3480881, -3480916] 0.5
[3480819, 3480918] 1.0
[3480819, 3480929] 1.0
[-3480809, -3481112] 1.0
[-3480881, -3480931] 5.0
[3480819, 3480930] 2.0
[-3480934, 3480971] 3.0
[3480819, -3481378] 1.0
[-3480934, 3480972] 1.0
[-3480833, 3480922] 1.0
[-3480809, -3481123] 2.0
[3480819, -3481386] 1.0
[-3480846, 3481207] 2.0
[3480819, -3481266] 1.0
[-3480934, 3480868] 1.0
[-3480853, -3480869] 1.0
[-3480846, 3481209] 1.0
[3480824, 3480867] 2.0
[3480819, -3481285] 3.0
[3480819, -3481283] 5.0
[3480819, -3481284] 3.0
[-3480833, 3480819] 0.0075000000000000015
[-3480846, -3481088] 2.0
[3480819, -3481281] 1.0
[3480824, 3480881] 0.9500000000000001
[-3481097, 3480821] 1.0
[-3481097, 3480819] 0.05
[-3480881, -3481042] 2.0
[-3480932, 3480821] 1.0
[-3480881, -3481040] 2.0
[3480824, 3480824] 2.0
[3480824, 3480831] 1.0
[-3480813, -3481054] 1.0
[-3481097, 3480833] 1.0
[3480819, -3481311] 1.0
[3480819, -3481312] 4.0
[-3480881, -3481006] 2.0
[-3480846, -3481065] 2.0
[-3481018, -3480856] 1.0
[-3480813, -3480881] 2.0
[-3480809, -3481009] 3.0
[-3480881, -3480824] 0.09500000000000001
[3480819, 3480823] 1.0
[-3480881, -3480828] 1.4000000000000001
[3480819, -3481212] 1.0
[-3480809, -3481021] 8.0
[-3480809, 3481037] 1.0
[-3480809, -3481020] 8.0
[-3480813, -3480899] 1.35
[-3480881, -3480846] 1.0
[3480819, -3481227] 5.0
[-3480934, 3480821] 2.0
[3480824, -3481383] 1.0
[-3480846, -3480910] 7.0
[-3480934, 3480831] 1.0
[-3480809, -3480974] 1.0
[3480819, -3481238] 1.0
[-3480809, -3480972] 0.1
[-3480813, -3480853] 3.0
[-3480846, -3480852] 2.0
[-3481046, -3480807] 2.2
[-3480809, 3481068] 2.0
[-3480809, -3480994] 1.0
[-3480881, -3480809] 0.8
[-3480846, -3480868] 7.0
[-3480881, -3480813] 1.4000000000000001
[3480824, -3481412] 1.0
[-3480809, 3481070] 1.0
[-3480809, -3480999] 1.0
[-3480853] 1.0
[3480819, 3480884] 1.0
[-3480813, -3480945] 2.0
[3480819, -3481139] 3.0
[-3480809, -3481068] 2.0
[-3480809, 3480955] 2.0
[-3480809, 3480952] 1.0
[-3480809, 3480950] 2.0
[-3480846, -3480949] 2.0
[-3480809, -3481071] 2.0
[-3480881, -3480894] 2.0
[-3480809, -3481077] 1.0
[-3480860] 5.0
[-3480846, -3480954] 2.0
[-3480809, 3480962] 10.0
[-3480809, 3480963] 11.0
[-3480846, -3480952] 2.0
[-3480857] 4.0
[-3480859] 1.0
[-3480833] 5.0
[-3480809, -3481088] 5.0
[-3480846, 3481101] 1.0
[-3480846] 1.5
[-3480809, -3481096] 1.0
[3480819, 3480850] 1.0
[-3480809, 3480996] 1.0
[-3480846, 3481119] 2.0
[-3480881, -3480860] 4.0
[-3480824] 1.0
[-3480881, -3480864] 1.0
[-3480881, -3480867] 2.0
[-3481046, -3480872] 3.0
[-3480813] 19.0
[3480819, -3481198] 1.0
[3480819, 3480881] 0.30000000000000004
[-3480809] 0.28250000000000003
[-3480811] 2.0
[-3480881, -3480879] 7.0
[-3480811, 3480954] 1.0
[3480819, -3481076] 3.0
[-3480809, 3480891] 3.0
[-3480918] 1.0
[3480824, -3481228] 1.0
[-3480860, -3480836] 8.0
[-3480859, -3480867] 1.0
[-3480813, 3481010] 1.0
[-3480860, -3480834] 8.0
[-3480924] 1.0
[-3480809, 3480899] 4.0
[-3480881, -3481217] 1.0
[3480819, -3481082] 3.0
[-3480813, 3481021] 1.0
[-3480860, -3480843] 1.0
[-3480859, -3480874] 1.0
[-3480860, -3480842] 1.0
[-3480860, -3480849] 5.0
[3480824, -3481249] 1.0
[-3480809, 3480914] 0.15000000000000002
[-3480809, 3480910] 0.45
[-3480813, 3481035] 3.0
[3480821] 1.0
[3480824, -3481265] 3.0
[-3480809, 3480925] 4.0
[3480819, 3481171] 1.0
[3480824] 0.30000000000000004
[3480823] 2.0
[-3480881] 2.0
[-3481006, 3480883] 1.0
[3480819] 0.05
[3480819, -3481104] 0.45
[3480819, -3481115] 2.0
[-3480894] 3.0
[3480831] 2.0
[-3480809, 3480928] 1.0
[3480819, -3481111] 1.0
[-3480859, -3480846] 1.0
[-3480809, 3480949] 1.0
[-3480879] 1.0
[-3480859, -3480858] 4.0
[-3480809, 3480828] 2.0
[3480819, -3481014] 2.0
[-3480811, 3480891] 2.0
[-3480809, 3480826] 4.0
[-3480846, 3480949] 1.0
[-3480809, 3480827] 7.0
[-3480809, 3480825] 1.0
[-3480859, -3480931] 1.0
[-3480809, 3480822] 1.05
[-3480846, 3480945] 1.0
[3480819, -3481018] 2.0
[-3480809, 3480844] 0.45
[3480819, -3481027] 2.0
[3480824, -3481180] 1.0
[-3480809, 3480841] 5.0
[3480819, -3481024] 0.4
[-3480846, 3480962] 2.0
[3480819, -3481038] 0.0125
[-3481006, 3480813] 1.0
[-3480809, 3480850] 1.0
[-3480809, 3480846] 0.08750000000000001
[3480819, -3481045] 1.0
[-3480809, 3480860] 2.0
[3480881] 1.0
[-3480924, -3480931] 1.0
[-3480809, 3480855] 3.0
[3480824, -3481208] 0.9
[-3480809, 3480868] 0.9500000000000001
[-3480809, 3480869] 1.0
[-3480860, -3480871] 0.25
[-3480859, -3480902] 1.0
[3480824, -3481207] 8.0
[-3480809, 3480867] 1.0
[-3481046, 3481046] 1.0
[-3480860, -3480870] 0.25
[-3480809, 3480864] 3.0
[3480831, 3480881] 1.0
[3480824, -3481217] 3.0
[-3480932] 1.0
[-3480934] 3.0
[-3480809, 3480875] 1.0
[3480824, -3481212] 2.0
[-3480809, 3480872] 0.35000000000000003
[3480824, -3481213] 1.0
[-3480809, 3480870] 0.6000000000000001
[-3480809, 3480871] 0.6000000000000001
[-3480860, -3480882] 1.0
[3480819, -3481070] 0.8650000000000001
[3480819, -3481065] 1.0
[-3480813, 3481004] 1.0
[3480824, -3481104] 0.6000000000000001
[-3480811, 3480826] 1.0
[-3480811, 3480827] 1.0
[-3481046] 1.0
[-3480811, 3480822] 2.0
[3480824, 3480923] 1.0
[-3480811, 3480821] 1.0
[3480819, -3480956] 1.0
[-3480813, 3480895] 2.0
[3480819, -3480953] 6.0
[-3480846, 3480891] 2.0
[-3480881, 3480964] 1.0
[3480819, -3480962] 7.0
[-3480846, 3480910] 8.0
[3480824, -3481122] 2.0
[-3480881, -3481046] 0.4
[3480819, -3480979] 0.45
[-3480881, 3480974] 1.0
[-3480846, 3480913] 2.0
[-3480813, 3480928] 2.0
[-3480813, 3480926] 6.0
[-3480846, 3480925] 3.0
[-3481022] 1.0
[-3480813, 3480922] 2.0
[-3481018] 1.0
[3480824, -3481139] 3.0
[-3480813, 3480936] 1.0
[-3480809, 3480812] 0.0125
[-3480813, 3480937] 1.0
[-3480809, 3480810] 0.1
[-3480813, 3480935] 3.0
[-3480809, 3480811] 0.0175
[-3480809, 3480808] 5.0
[-3480809, 3480809] 0.027500000000000004
[-3480811, 3480868] 2.0
[-3480809, 3480807] 4.7
[3480819, -3481006] 9.0
[-3480809, 3480821] 11.0
[-3481006] 1.0
[-3480809, 3480819] 0.15000000000000002
[3480819, -3481002] 0.7000000000000001
[3480824, -3481040] 3.0
[3480819, -3480883] 2.0
[3480824, -3481038] 1.8
[-3480846, 3480821] 3.0
[-3480879, 3480821] 1.0
[-3480846, 3480822] 1.0
[3480819, -3480881] 0.55
[-3480846, 3480819] 0.15000000000000002
[-3480881, 3480881] 0.4
[-3480813, 3480821] 4.0
[3480819, -3480879] 6.4
[-3480809, -3481328] 1.0
[-3480813, 3480819] 0.005000000000000001
[3480819, -3480894] 0.7625000000000001
[3480819, 3481147] 1.0
[3480824, -3481046] 1.3
[-3480813, 3480831] 2.0
[-3480846, 3480827] 1.0
[3480824, -3481045] 1.0
[3480819, -3480887] 1.77
[3480824, -3481042] 3.0
[-3480846, 3480826] 1.0
[3480819, -3480902] 3.6
[3480824, -3481057] 1.0
[-3480857, -3480876] 1.0
[3480824, -3481055] 3.0
[-3480813, 3480836] 1.0
[-3480813, 3480835] 4.0
[3480819, -3480909] 1.0
[-3480924, -3480857] 1.0
[3480824, -3481063] 0.8500000000000001
[-3480846, 3480846] 0.0175
[-3480813, 3480844] 1.0
[-3481097] 1.0
[-3480859, -3480827] 1.0
[-3480846, 3480844] 1.0
[3480819, -3480903] 6.9
[-3480846, 3480841] 2.0
[-3480881, 3480914] 1.0
[3480824, -3481070] 10.0
[-3480846, 3480853] 1.0
[3480819, -3480916] 6.800000000000001
[-3480813, 3480855] 1.0
[-3480813, 3480852] 1.0
[3480819, -3480926] 1.0
[3480824, -3481076] 4.45
[3480819, -3480922] 1.0
[3480819, -3480933] 2.8125
[-3480846, 3480871] 2.0
[3480819, -3480934] 2.4000000000000004
[-3480857, -3480845] 1.0
[-3480846, 3480872] 3.0
[3480819, -3480931] 1.4350000000000003
[-3480846, 3480869] 1.0
[3480819, -3480932] 9.3
[-3480811, 3480809] 1.0
[-3480846, 3480870] 2.0
[-3480813, 3480868] 1.0
[-3480846, 3480867] 1.0
[-3480846, 3480868] 9.0
[-3480857, -3480848] 2.0
[-3480813, 3480880] 1.0
[-3480879, 3480878] 1.0
[3480819, -3480942] 1.0
[-3480813, 3480881] 1.0
[-3480879, 3480879] 1.0
[3480824, -3481092] 1.0
[-3480879, 3480874] 1.0
[-3480846, 3480875] 3.0
[-3480813, 3480874] 2.0
[-3480881, 3480821] 1.0
[3480819, -3480822] 0.9500000000000001
[3480824, -3480977] 2.0
[3480819, -3480819] 0.3261125000000001
[-3481018, 3480969] 1.0
[3480824, -3480974] 1.0
[-3480859, -3481118] 3.0
[-3480881, 3480819] 0.05
[-3480859, 3481157] 5.0
[3480824, -3480984] 1.0
[3480819, -3480828] 3.0
[3480819, -3480824] 1.0
[3480824, -3480979] 0.25250000000000006
[-3480894, 3481237] 2.0
[3480819, -3480831] 2.0
[-3480881, 3480831] 1.0
[3480819, -3480846] 0.10412500000000002
[-3480859, -3481143] 0.55
[3480819, -3480844] 1.0
[3480819, -3480853] 1.05
[3480824, -3481006] 2.9000000000000004
[3480819, -3480850] 7.0
[3480824, -3481002] 0.4
[3480819, -3480848] 3.0
[3480819, -3480862] 1.25
[3480819, -3480859] 3.6
[3480824, -3481014] 1.0
[3480819, -3480860] 2.5575000000000006
[3480819, -3480857] 0.525
[3480824, -3481013] 1.0
[-3480833, -3480881] 1.0
[3480819, -3480855] 2.0
[3480824, -3481010] 2.0
[3480824, -3481011] 2.0
[-3481018, 3481019] 1.0
[3480824, -3481024] 1.25
[-3480846, 3480807] 2.25
[-3480846, 3480808] 4.0
[3480819, -3480867] 2.0
[3480824, -3481022] 3.0
[-3480859, 3481208] 1.0
[-3480881, 3480867] 2.0
[3480824, -3481018] 3.7
[3480819, -3480864] 2.0
[3480824, -3481033] 2.0
[3480819, -3480876] 1.0
[-3480813, 3480813] 0.010000000000000002
[-3480846, 3480812] 2.0
[-3480846, 3480809] 0.004625000000000001
[-3480846, 3480810] 1.0
[-3480934, -3480910] 1.0
[3480824, -3480906] 2.0
[3480824, -3480920] 8.0
[3480824, -3480918] 1.0
[3480824, -3480919] 2.0
[3480824, -3480916] 0.6000000000000001
[3480824, -3480929] 1.85
[3480824, -3480934] 3.7
[3480824, -3480932] 5.2
[3480824, -3480933] 0.8950000000000001
[3480824, -3480931] 3.9000000000000004
[3480824, -3480945] 7.0
[3480824, -3480938] 1.0
[3480824, -3480953] 0.8500000000000001
[3480823, -3480923] 13.0
[3480824, -3480955] 3.0
[3480819, -3480813] 0.01835
[3480819, -3480811] 0.9300000000000002
[-3480859, 3481152] 3.0
[3480819, -3480812] 1.1211250000000001
[3480819, -3480809] 9.162500000000003E-4
[3480819, -3480810] 3.880000000000001
[3480824, -3480962] 6.0
[3480824, -3480846] 0.0017865625000000008
[-3480853, 3480846] 4.0
[3480824, -3480844] 9.0
[-3480859, 3481042] 1.0
[3480824, -3480857] 1.2075000000000002
[3480823, -3480823] 0.27
[-3480859, 3481040] 1.0
[-3480859, 3481041] 1.0
[3480824, -3480852] 1.0
[3480824, -3480853] 0.28
[-3480853, 3480853] 2.0
[-3480859, 3481039] 1.0
[3480824, -3480850] 0.2275
[3480824, -3480864] 0.75
[3480824, -3480862] 1.4875
[3480824, -3480860] 0.015693750000000003
[-3480859, 3481044] 1.0
[3480824, -3480859] 3.6500000000000004
[-3480853, 3480869] 1.0
[3480824, -3480867] 6.0
[3480824, -3480881] 5.050000000000001
[3480824, -3480879] 1.85
[3480824, -3480874] 1.0
[-3480853, 3480875] 2.0
[3480824, -3480887] 2.6
[3480824, -3480884] 1.0
[3480824, -3480885] 1.0
[3480824, -3480883] 5.75
[3480824, -3480894] 0.385
[-3480859, 3481081] 1.0
[3480824, -3480892] 1.0
[3480824, -3480902] 0.8
[-3481022, 3481022] 1.0
[3480824, -3480903] 4.7
[-3480859, 3480964] 1.0
[-3480859, 3480979] 1.0
[-3480859, 3480974] 1.0
[3480824, -3480809] 2.915625000000001E-4
[-3480853, 3480809] 3.0
[3480824, -3480812] 0.21387500000000004
[3480824, -3480813] 0.0010609375000000002
[3480824, -3480810] 0.7175000000000001
[3480824, -3480811] 0.08275000000000002
[3480824, -3480824] 0.8175000000000001
[3480824, -3480822] 9.0
[-3480859, 3481006] 1.0
[3480824, -3480819] 0.08488750000000002
[-3480859, -3481040] 0.8
[3480824, -3480833] 12.0
[3480824, -3480831] 0.37000000000000005
[3480824, -3480828] 0.125
[-3480859, -3481042] 0.8
[3480824, -3480827] 15.0
[3480824, -3480841] 1.0
[3480824, -3480836] 1.0
[-3480857, 3480844] 3.0
[-3480809, -3480875] 1.0
[-3480809, -3480882] 0.05
[-3480857, 3480841] 2.0
[-3480859, 3480914] 2.0
[-3480857, 3480848] 3.0
[-3480857, 3480849] 3.0
[-3480859, 3480909] 3.0
[-3480857, 3480857] 0.1
[-3480809, -3480903] 1.0
[-3480857, 3480876] 4.0
[-3480809, -3480843] 1.0
[-3480809, -3480849] 0.55
[-3480809, -3480852] 2.0
[-3480809, -3480851] 1.0
[-3480809, -3480870] 2.0
[-3480809, -3480869] 1.0
[-3480809, -3480868] 0.4
[-3480809, -3480867] 1.0
[-3480809, -3480871] 2.0
[-3480924, 3480924] 0.5
[-3480860, 3480871] 0.2
[-3480860, 3480870] 0.2
[-3480809, -3480950] 2.0
[-3480859, 3480850] 1.0
[-3480809, -3480949] 1.0
[-3480809, -3480952] 1.0
[-3480859, 3480858] 1.0
[-3480859, 3480859] 7.0
[-3480924, 3480823] 2.0
[-3480924, 3480824] 0.05
[-3480924, 3480819] 0.05
[-3480859, 3480867] 1.0
[-3480809, -3480910] 0.45
[-3480859, 3480874] 3.0
[-3480859, 3480883] 1.0
[-3481022, 3480813] 2.0
[-3480859, 3480881] 1.0
[-3480859, 3480878] 1.0
[-3480859, 3480879] 2.0
[-3481022, 3480821] 1.0
[-3480809, -3480923] 1.0
[-3480811, -3480868] 3.0
[-3480824, 3480824] 2.0
[3480831, -3480929] 1.85
[-3480857, 3480836] 2.0
[-3480813, -3480807] 0.65
[-3480809, -3480938] 4.0
[-3480860, 3480925] 1.0
[-3480809, -3480937] 1.0
[-3480809, -3480936] 1.0
[3480831, -3480824] 5.4
[-3480860, 3480821] 4.0
[3480831, -3480819] 1.0
[3480831, -3480831] 0.36500000000000005
[-3480860, 3480841] 2.0
[-3480859, 3480819] 0.005000000000000001
[-3480860, 3480844] 0.65
[-3480859, -3481232] 1.0
[-3480934, -3480958] 1.0
[-3480859, 3480821] 16.0
[-3480894, 3480895] 1.0
[-3480859, 3480833] 2.0
[-3480859, 3480831] 5.0
[-3480859, -3481243] 4.0
[-3480859, 3480828] 2.0
[-3480860, 3480860] 0.010000000000000002
[-3480809, 3481211] 5.0
[-3480809, -3480818] 18.0
[3480819, -3481391] 1.0
[-3480932, 3480933] 0.05
[-3480932, 3480934] 0.1
[-3480932, 3480932] 0.05
[-3480809, 3481226] 3.0
[-3480809, -3480834] 8.0
[-3480809, -3480838] 0.9500000000000001
[-3480809, -3480836] 0.65
[-3480809, -3480835] 6.0
[-3480809, -3480842] 1.0
[-3480934, 3481012] 1.0
[3480819, -3481434] 1.0
[-3480894, 3480821] 2.0
[-3480894, -3481237] 2.0
[-3480932, 3480971] 1.0
[-3480894, 3480831] 1.0
