[]
[1051536, 1798271, 90597, 2136677, 486, 2817953, 1722177, 530134, 1048927]
[1620235]
[] 1.0
[3480819, -3480822] 38.0
[3480819, -3480819] 5562.450000000001
[-3480809, -3481131] 2.0
[-3481033, 3480920] 5.0
[3480824, -3480971] 1.0
[-3481033, 3480919] 0.1
[3480819, -3480828] 15.0
[3480819, -3480824] 61.0
[3480824, -3480979] 1.0
[3480819, -3480831] 9.0
[3480819, -3480846] 351.90000000000003
[3480819, -3480844] 2.0
[3480824, 3480821] 1.0
[3480824, 3480819] 1.0
[3480819, -3480853] 149.0
[-3481033, -3480813] 1.0
[3480824, -3481006] 5.0
[-3480920, 3481033] 5.0
[3480819, -3480850] 1.0
[3480824, -3481002] 2.0
[3480819, -3480848] 2.0
[3480819, 3480918] 1.0
[3480819, -3480862] 75.10000000000001
[3480819, -3480859] 103.0
[3480819, -3480860] 324.70000000000005
[3480819, -3480857] 417.0
[3480819, 3480929] 1.0
[-3480809, -3481114] 1.0
[3480819, -3480855] 4.0
[3480819, -3480856] 4.0
[3480824, -3481024] 3.0
[-3480846, 3480808] 2.0
[-3480813, -3480993] 1.0
[3480819, -3480867] 2.0
[3480824, -3481022] 2.0
[3480819, 3480930] 4.0
[3480819, -3481378] 1.0
[3480824, -3481018] 14.0
[3480819, -3480864] 3.0
[3480824, -3481033] 15.0
[3480819, -3480876] 1.0
[-3480813, 3480813] 2.0
[-3480846, 3480809] 2.0
[3480819, -3481265] 8.0
[3480819, -3481266] 12.0
[3480824, -3480920] 1.0
[3480824, -3480919] 14.0
[3480824, -3480916] 5.0
[-3480853, -3480868] 1.0
[-3481033, -3480920] 2.0
[-3481033, -3480919] 1.0
[3480819, -3481285] 5.0
[3480819, -3481283] 5.0
[3480819, -3481284] 5.0
[-3480813, 3481223] 2.0
[3480819, -3481281] 1.0
[-3480859, 3481110] 3.0
[-3480920, -3480846] 1.0
[3480824, 3480881] 3.0
[-3480809, 3481109] 1.0
[3480824, -3480934] 8.0
[3480824, -3480932] 2.0
[3480824, 3480885] 0.05
[3480824, -3480933] 1.0
[3480824, 3480884] 0.05
[3480824, 3480883] 1.0
[3480824, -3480931] 15.0
[-3480920, -3480813] 5.0
[-3481033, -3480894] 1.0
[3480819, -3481316] 2.0
[-3480813, -3481061] 1.0
[3480819, -3481312] 2.0
[3480819, -3480813] 633.5500000000001
[3480819, -3480811] 133.6
[3480819, -3480812] 1322.75
[-3480859, 3481153] 1.0
[3480819, -3480809] 1261.45
[3480819, -3480810] 298.25
[3480824, -3480962] 1.0
[3480824, -3480846] 118.0
[3480819, -3481199] 3.0
[-3480853, 3480856] 1.0
[3480824, -3480856] 1.0
[3480824, -3480857] 1.0
[-3480853, 3480854] 2.0
[-3480853, 3480855] 12.0
[-3480920, 3480881] 1.0
[3480819, -3481209] 3.0
[3480824, -3480853] 13.0
[3480819, -3481207] 3.0
[-3480862, 3481143] 1.0
[3480824, -3480862] 3.0
[3480819, -3481220] 1.0
[3480824, -3480860] 37.0
[3480824, -3480859] 106.0
[3480819, -3481227] 4.0
[3480824, -3480867] 39.0
[-3480809, -3480974] 1.0
[3480819, -3481238] 2.0
[3480824, -3480881] 2.9000000000000004
[-3480811, -3480910] 3.0
[3480824, -3480879] 16.0
[-3481024, -3480968] 1.0
[3480824, -3480887] 1.0
[3480824, -3480883] 357.0
[3480824, -3480894] 15.0
[-3480920, 3480919] 0.35000000000000003
[-3480920, 3480920] 1.85
[3480819, -3481261] 1.0
[3480819, 3481324] 1.0
[3480824, -3480902] 3.0
[-3480853] 2.0
[3480819, 3480884] 1.0
[3480819, -3481139] 3.0
[-3480860] 1.0
[-3480862] 1.0
[-3480859] 6.0
[-3480809, -3481090] 1.0
[3480831, -3481014] 22.0
[-3480809, -3481088] 3.0
[-3480853, 3480809] 1.0
[3480824, -3480809] 17.35
[-3480846] 2.0
[3480819, 3480850] 2.0
[3480824, -3480813] 104.0
[3480824, -3480811] 9.600000000000001
[-3481024, -3481037] 2.0
[3480824, -3480824] 60.300000000000004
[3480824, -3480822] 4.0
[3480824, -3480819] 55.0
[3480824, -3480828] 94.0
[-3480853, 3480826] 1.0
[-3480813] 53.0
[3480819, 3480881] 4.0
[-3480809] 16.0
[-3480811] 8.0
[3480819, -3481076] 140.0
[-3480809, -3480882] 3.0
[-3480809, 3480900] 1.0
[-3480809, 3480899] 10.0
[-3480920, -3481033] 2.0
[-3480920] 7.0
[3480819, -3481082] 110.0
[3480819, -3481093] 1.0
[-3480860, -3480849] 4.0
[3480819, -3481090] 1.0
[-3480809, 3480914] 1.0
[-3480809, 3480910] 4.0
[3480821] 1.0
[-3480809, 3480925] 3.0
[3480819, 3481171] 1.0
[3480824] 2.0
[3480819] 1.0
[3480819, -3481104] 16.0
[-3480859, -3480840] 2.0
[3480819, -3481115] 2.0
[-3480894] 1.0
[3480831] 1.0
[3480819, -3481111] 1.0
[-3480813, 3481061] 1.0
[-3481024, -3480854] 1.0
[-3480809, -3480868] 2.0
[3480819, -3481013] 1.0
[-3480809, 3480828] 1.0
[3480819, -3481014] 3.0
[-3480809, 3480826] 1.0
[-3480809, 3480827] 5.0
[3480819, -3481007] 1.0
[3480831, -3480881] 2.0
[3480819, -3481022] 44.0
[3480819, -3481018] 49.0
[-3480809, 3480844] 5.0
[-3481024, 3480854] 1.0
[3480819, -3481027] 3.0
[-3480809, 3480840] 1.0
[-3480809, 3480841] 2.0
[3480831, -3480883] 3.0
[3480819, -3481024] 6.0
[-3480813, 3480976] 1.0
[-3480811, 3480914] 1.0
[3480819, -3481038] 2.4000000000000004
[3480819, -3481033] 2.0
[-3480811, 3480910] 2.0
[3480819, -3481031] 1.0
[-3480809, 3480846] 0.15000000000000002
[3480819, -3481045] 4.0
[-3480809, -3480910] 2.0
[3480819, -3481046] 3.0
[3480824, -3481199] 1.0
[3480819, -3481041] 1.0
[3480819, -3481042] 11.0
[3480819, -3481039] 1.0
[3480819, -3481040] 11.0
[-3480809, 3480868] 2.0
[-3480859, 3480883] 1.0
[-3480813, 3480993] 1.0
[-3480860, -3480871] 1.0
[-3480860, -3480870] 1.0
[-3480859, 3480879] 0.05
[-3480809, 3480865] 1.0
[-3480859, 3480877] 1.0
[3480824, -3481217] 1.0
[-3480813, 3480999] 1.0
[-3480811, -3480868] 1.0
[-3480809, 3480870] 7.0
[-3480809, 3480871] 7.0
[3480831, -3480929] 18.0
[3480819, -3481070] 68.7
[-3480809, 3480881] 1.0
[3480819, -3481063] 14.0
[3480831, -3480809] 1.0
[-3480811, 3480826] 2.0
[-3480811, 3480827] 7.0
[-3480811, 3480825] 3.0
[-3480811, 3480822] 2.0
[-3480811, 3480821] 1.0
[-3480813, -3481144] 1.0
[-3480813, 3480894] 1.0
[3480819, -3480956] 2.0
[3480819, -3480953] 37.0
[3480831, -3480813] 1.0
[-3480811, 3480828] 1.0
[3480819, -3480963] 3.0
[3480831, -3480824] 3.0
[-3480813, 3480903] 1.0
[3480819, -3480962] 26.0
[-3481024] 1.0
[-3480846, 3480900] 2.0
[3480819, -3480971] 2.0
[3480831, -3480831] 429.6
[-3481033] 3.0
[-3480811, 3480846] 3.0
[-3480920, -3480920] 3.0
[-3480920, -3480919] 1.0
[-3480860, 3480841] 1.0
[3480819, -3480979] 63.7
[-3480859, 3480819] 1.0
[-3480813, 3480926] 1.0
[-3481022] 3.0
[-3480813, 3480922] 1.0
[-3480860, 3480844] 2.0
[-3480809, 3480812] 1.0
[-3481024, 3480819] 2.0
[-3480809, 3480811] 0.2
[-3480920, -3480881] 1.0
[-3480813, 3480932] 0.1
[-3480809, 3480808] 4.0
[-3480809, 3480809] 2.0
[-3480811, 3480868] 1.0
[-3480859, 3480821] 4.0
[-3480809, 3480807] 1.0
[-3480809, 3480820] 1.0
[3480819, -3481006] 11.0
[-3480894, 3480894] 1.0
[3480824, 3480918] 0.05
[3480819, -3481002] 212.0
[-3480859, 3480831] 1.0
[3480831, -3480859] 1.0
[-3480860, 3480860] 2.0
[3480824, -3481040] 2.0
[3480819, -3480883] 5.0
[3480819, -3480881] 8.0
[-3480853, 3481037] 2.0
[-3480813, 3480821] 3.0
[3480819, -3480879] 245.0
[3480819, -3481391] 1.0
[3480819, -3480894] 69.8
[-3480813, 3480831] 1.0
[3480824, -3481045] 2.0
[3480819, -3480887] 109.45
[3480824, -3481042] 2.0
[3480819, -3480888] 1.0
[3480819, -3480902] 25.0
[-3480809, -3480834] 4.0
[3480819, -3480895] 5.0
[-3480809, -3480838] 6.0
[-3480809, -3480836] 2.0
[3480824, -3481063] 2.0
[-3480809, -3480835] 21.0
[3480819, -3480906] 2.0
[3480819, -3480903] 30.0
[3480819, -3480917] 3.0
[3480819, -3480918] 1.0
[3480819, -3480916] 440.0
[-3480894, 3480813] 1.0
[3480819, -3481434] 1.0
[3480819, -3480922] 1.0
[3480819, -3480919] 2.0
[3480819, -3480933] 327.15000000000003
[3480819, -3480934] 9.15
[-3480811, 3480811] 5.0
[3480819, -3480931] 44.85
[-3480894, 3480821] 1.0
[3480819, -3480932] 1072.0
[-3480811, 3480809] 0.5
[-3480813, 3480881] 1.0
[-3480862, 3480862] 0.05
[-3480811, 3480812] 1.0
