[]
[1632760, 592459, 2694843, 1040280, 2113959, 1581120, 2633361, 1964999, 589763]
[1572243]
[] 1.0
[-3480809, -3481133] 1.0
[-3480813, -3481011] 1.0
[3480923, 3480809] 1.0
[3480824, -3480979] 0.4725000000000001
[3480923, 3480811] 1.0
[3480824, 3481324] 2.0
[3480881, -3481227] 1.0
[-3480920, 3481033] 0.15000000000000002
[3480824, -3481002] 2.0
[-3480813, -3480988] 0.45
[3480824, -3481024] 6.0
[-3480846, 3480808] 1.0
[3480824, -3481022] 4.0
[3480824, -3481018] 0.30000000000000004
[3480881, -3481261] 1.0
[-3480813, 3480813] 3.0
[3480881, 3481147] 1.0
[3480824, -3480916] 0.5
[3480923, -3480923] 9.0
[-3480932, 3480813] 1.0
[3480824, -3480934] 5.0
[3480824, -3480932] 0.5
[-3480932, 3480821] 1.0
[3480824, -3480933] 0.7000000000000001
[3480824, 3480884] 1.0
[-3481227] 1.0
[3480824, -3480931] 2.3000000000000003
[3480923, 3480827] 1.0
[-3480932, 3480831] 1.0
[3480824, 3480823] 1.0
[3480923, 3480826] 1.0
[3480824, -3480953] 1.0
[3480881, -3481180] 1.0
[-3480920, -3480813] 2.0
[3480824, 3480850] 2.0
[3480881, -3481198] 1.0
[3480824, -3480962] 0.1
[3480824, -3480846] 3.5
[-3480809, 3481017] 1.0
[-3481024, 3481024] 1.0
[3480824, -3480856] 2.0
[3480824, -3480857] 1.0
[-3480859, -3480998] 1.0
[3480824, -3480855] 2.0
[3480824, -3480853] 1.0
[-3480809, -3481021] 1.0
[3480824, -3480862] 8.0
[-3480934, 3480813] 1.0
[3480824, -3480860] 5.4
[-3480859, -3481011] 1.0
[3480824, -3480859] 0.25500000000000006
[-3480934, 3480821] 2.0
[3480824, -3480867] 5.0
[3480881, -3481111] 1.0
[3480824, -3480881] 0.07750000000000001
[3480824, -3480879] 0.1875
[3480881, 3480918] 0.05
[-3480813, 3481173] 8.0
[3480824, 3481147] 1.0
[3480881, -3481115] 1.0
[-3480813, 3481180] 1.0
[-3480811, -3480923] 1.0
[3480824, -3480883] 1.25
[3480881, 3480930] 3.0
[-3481227, 3481227] 0.0075000000000000015
[3480881, 3480929] 1.0
[3480824, -3480894] 2.95
[-3480920, 3480919] 0.05
[-3480920, 3480920] 0.6000000000000001
[3480881, -3481135] 1.0
[3480965, 3480894] 0.05
[3480824, -3480902] 1.0
[-3480859, -3480988] 0.2
[3480824, 3481171] 1.0
[3480881, -3481024] 6.0
[3480881, -3481022] 4.0
[-3480859] 6.0
[3480881, -3481018] 0.30000000000000004
[-3480824, 3480923] 0.05
[3480881, -3481040] 1.0
[3480824, -3480809] 1.1075000000000002
[-3480846] 1.0
[-3480859, 3480988] 0.55
[3480881, -3481045] 0.35000000000000003
[3480881, -3481046] 1.4000000000000001
[3480824, -3480812] 0.5375
[-3480859, 3480998] 2.0
[3480824, -3480813] 0.4800000000000001
[3480824, -3480810] 1.7000000000000002
[3480824, -3481322] 1.0
[3480881, -3481042] 1.0
[3480824, -3480811] 0.7000000000000001
[3480824, -3480824] 0.31500000000000006
[3480824, -3480825] 1.0
[3480965, 3480942] 1.0
[3480824, -3480822] 1.0
[-3480824] 1.0
[3480824, -3480819] 0.6600000000000001
[3480881, -3481063] 7.0
[3480965, -3481107] 3.0
[3480923, -3480828] 8.0
[3480824, -3480828] 5.0
[-3480859, 3481014] 1.0
[-3480813] 17.0
[-3480809] 1.4000000000000001
[-3480811] 0.05
[-3480809, 3480892] 1.0
[3480881, 3480823] 1.0
[-3480859, -3480867] 1.0
[3480824, -3481227] 1.0
[-3480809, 3480900] 3.0
[-3480813, 3481025] 2.0
[-3480920] 1.0
[3480881, -3480953] 1.0
[3480881, -3480962] 0.1
[-3480809, 3480913] 2.0
[-3480809, 3480910] 2.0
[3480821] 1.0
[-3480809, 3480925] 4.0
[3480824] 1.0
[-3480809, -3480843] 2.0
[3480881, -3480979] 0.4725000000000001
[3480824, -3481261] 1.0
[3480831] 1.0
[-3480809, -3480851] 3.0
[3480965, -3481044] 1.0
[-3480809, -3480868] 2.0
[3480881, -3481002] 2.0
[3480881, 3481324] 2.0
[-3480809, 3480828] 2.0
[-3480809, 3480826] 4.0
[-3480809, 3480827] 0.35000000000000003
[3480881, -3480883] 1.25
[-3480809, 3480825] 1.0
[3480881, -3480881] 0.07750000000000001
[-3480809, 3480822] 5.0
[3480881, 3480884] 1.0
[3480881, -3480894] 2.95
[3480923] 0.1
[-3480809, 3480844] 1.0
[-3481024, 3480854] 1.0
[-3480859, 3480859] 0.0075000000000000015
[3480881, -3480902] 1.0
[3480824, -3481180] 1.0
[-3480809, 3480846] 0.25
[-3480809, -3480910] 2.0
[3480881, 3480850] 2.0
[3480824, -3481198] 1.0
[3480881] 1.0
[3480881, -3480916] 0.5
[-3480809, -3480913] 2.0
[-3481227, 3481013] 1.0
[-3480809, 3480868] 3.0
[-3480824, 3480819] 1.0
[-3480859, 3480878] 1.0
[-3480813, 3480988] 0.55
[-3480859, 3480879] 1.0
[-3480809, 3480865] 1.0
[3480965, -3480965] 0.4
[3480831, 3480881] 1.0
[-3480932] 1.0
[3480881, -3480933] 0.7000000000000001
[3480965, 3480821] 1.0
[-3480813, 3480998] 4.0
[3480881, -3480934] 5.0
[-3480934] 3.0
[-3480809, -3480923] 1.0
[3480881, -3480931] 2.3000000000000003
[3480881, -3480932] 0.5
[-3480824, 3480824] 1.0
[3480831, -3480916] 1.0
[-3480934, 3481173] 7.0
[-3480824, 3480831] 1.0
[-3480811, 3480826] 1.0
[3480881, -3480824] 0.31500000000000006
[-3480811, 3480827] 1.0
[3480881, -3480822] 1.0
[3480881, -3480819] 0.6600000000000001
[3480824, 3480930] 3.0
[3480824, 3480929] 1.0
[3480824, -3481111] 1.0
[3480881, -3480828] 5.0
[3480881, -3480825] 1.0
[3480965, 3481168] 1.0
[3480965] 1.0
[-3481024] 1.0
[3480824, -3481115] 1.0
[-3480934, -3480988] 4.0
[3480831, -3480831] 0.1875
[3480881, -3480846] 3.5
[3480881, -3480855] 2.0
[3480881, 3481171] 1.0
[3480881, -3480856] 2.0
[3480881, -3480853] 1.0
[3480824, -3481135] 1.0
[-3480859, 3480819] 1.0
[-3480813, 3480926] 1.0
[3480881, -3480862] 8.0
[3480881, -3480859] 0.25500000000000006
[3480881, -3480860] 5.4
[3480881, -3480857] 1.0
[-3480809, 3480812] 1.0
[-3481024, 3480819] 1.0
[-3480809, 3480811] 1.0
[3480881, -3480867] 5.0
[-3480809, 3480808] 3.0
[-3480809, 3480809] 2.0
[-3480859, 3480821] 4.0
[3480881, -3480879] 0.1875
[3480965, -3480923] 1.0
[-3480809, 3480820] 1.0
[3480824, 3480918] 0.05
[-3480859, 3480831] 1.0
[3480824, -3481040] 1.0
[-3480934, 3480988] 6.0
[-3480813, 3480821] 3.0
[3480824, -3481046] 1.4000000000000001
[-3480934, 3480998] 2.0
[3480824, -3481045] 0.35000000000000003
[3480824, -3481042] 1.0
[-3480809, -3480834] 2.0
[3480824, -3481063] 7.0
[3480965, -3480826] 0.4850000000000001
[-3480809, -3480842] 2.0
[-3481227, 3480894] 1.0
[-3480934, 3481025] 1.0
[-3480811, 3480811] 1.0
[-3480811, 3480809] 1.0
[-3480932, 3480971] 4.0
[3480881, -3480813] 0.4800000000000001
[3480881, -3480811] 0.7000000000000001
[3480881, -3480812] 0.5375
[3480881, -3480809] 1.1075000000000002
[3480881, -3480810] 1.7000000000000002
[3480881, -3481322] 1.0
