[]
[3670075, 7336, 2801683, 482301, 276062, 1078604, 1510218, 4220607]
[3801690, 1701576]
[] 1.0
[4295837, -4295829] 163.35000000000002
[4295837, -4295837] 219.95000000000002
[4295837, -4295840] 220.25
[4295851] 1.0
[4295837, -4295839] 2.0
[4295853] 11.0
[4295832, 4295829] 2.0
[4295837, -4295826] 3.0
[4295828, -4295839] 3.0
[4295828, -4295838] 5.65
[4295832, -4295834] 66.0
[4295828, -4295841] 130.95000000000002
[4295828, -4295840] 29.8
[4295828, -4295843] 0.15000000000000002
[4295832, -4295839] 0.55
[4295839, 4295829] 1.0
[4295832, -4295842] 0.55
[4295853, -4295853] 2.0
[4295828, -4295850] 6.9
[4295853, -4295832] 3.0
[4295828, -4295827] 13.0
[4295837, -4295850] 6.1000000000000005
[4295853, -4295834] 66.0
[4295828, -4295826] 4.0
[4295828, -4295829] 8652.75
[4295828, -4295828] 19627.8
[4295828, -4295833] 1.0
[4295837, -4295856] 1.0
[4295853, -4295839] 6.0
[4295853, -4295842] 5.0
[4295828, -4295837] 212.8
[4295837, -4295860] 81.35000000000001
[4295832, -4295832] 4.0
[4295839, -4295832] 2.0
[4295839, -4295834] 38.0
[4295839, -4295839] 3.0
[4295839, -4295842] 3.0
[4295832, -4295853] 8.0
[4295828, -4295860] 150.5
[4295828, 4295843] 0.15000000000000002
[4295828, 4295848] 1.0
[4295851, -4295851] 82605.65000000001
[4295837, 4295827] 9.0
[4295828, 4295849] 2.0
[4295837, 4295829] 5.0
[4295828, 4295856] 1.0
[4295828, 4295827] 1.05
[4295828] 1.0
[4295828, 4295831] 7.0
[4295832] 13.0
[4295828, 4295836] 123.4
[4295853, 4295829] 1.0
[4295828, 4295835] 2.0
[4295828, 4295838] 0.30000000000000004
[4295837] 1.0
[4295839] 5.0
