[]
[2263474, 1427588, 2821305, 618561, 1583090, 707153, 2625045, 1108478, 2532457]
[185136]
[-3480841, 3480860] 2.0
[] 1.0
[3480819, -3480822] 1.9000000000000001
[3480819, -3480819] 0.03476531250000001
[3480819, -3481076] 7.0
[3480844, 3481195] 8.0
[3480813, -3480885] 1.0
[3480819, -3480828] 0.75
[3480819, -3481082] 5.5
[3480819, -3480824] 3.0500000000000003
[3480813, -3480894] 5.0
[3480974, -3481021] 1.0
[3480819, -3481093] 1.0
[3480844, -3480844] 0.08655000000000002
[3480819, -3481090] 1.0
[3480844, 3480961] 0.8
[3480844, -3480841] 4.0
[3480819, -3480831] 9.0
[-3480841, 3480870] 0.020000000000000004
[-3480841, 3480871] 0.020000000000000004
[3480819, -3480846] 0.04398750000000001
[-3480841, 3480882] 4.0
[3480819, -3480844] 2.0
[3480844] 0.25
[3480819, -3480853] 7.45
[3480819, 3481171] 1.0
[3480813, -3480919] 3.0
[3480819, -3480850] 1.0
[3480813, -3480920] 6.0
[3480844, -3480857] 1.0
[3480819] 1.0
[3480819, -3481104] 0.8
[3480819, -3480848] 2.0
[3480819, 3480918] 1.0
[3480819, -3480862] 3.755000000000001
[3480819, -3480859] 0.2575
[3480819, -3481115] 2.0
[3480819, -3480860] 0.8117500000000002
[3480844, -3480867] 1.0
[3480819, -3480857] 1.0425000000000002
[3480819, 3480929] 1.0
[3480819, -3480855] 4.0
[3480819, -3481111] 1.0
[3480819, -3480856] 4.0
[3480844, 3480925] 0.35000000000000003
[3480819, -3480867] 2.0
[3480819, 3480930] 4.0
[3480819, -3481378] 1.0
[3480844, -3480870] 1.0
[3480819, -3480864] 3.0
[3480813, -3480934] 1.0
[3480844, -3480871] 1.0
[3480813] 1.0
[3480819, -3480876] 1.0
[3480844, -3480881] 2.0
[3480844, -3480878] 0.8
[3480819, -3481013] 1.0
[3480819, -3481014] 3.0
[3480813, -3480828] 1.0
[3480819, -3481265] 0.4
[3480819, -3481266] 12.0
[3480819, -3481007] 1.0
[3480819, -3481022] 2.2
[3480974, 3480822] 3.0
[3480819, -3481018] 2.45
[3480819, -3481285] 0.25
[3480819, -3481027] 3.0
[3480819, -3481283] 0.25
[3480819, -3481284] 0.25
[3480819, -3481281] 1.0
[3480844, -3481288] 0.30000000000000004
[3480819, -3481024] 6.0
[3480844, -3481287] 2.0
[3480819, -3481038] 2.4000000000000004
[3480819, -3481033] 2.0
[3480974, 3480844] 0.30000000000000004
[3480819, -3481031] 1.0
[3480844, 3481288] 0.5
[3480813, -3480846] 2.0500000000000003
[3480844, 3481287] 5.0
[3480974, 3480841] 3.0
[3480819, -3481045] 4.0
[3480813, -3481371] 1.0
[3480813, -3480859] 1.75
[3480819, -3481046] 3.0
[3480813, -3480860] 3.25
[3480813, -3480857] 0.045000000000000005
[3480819, -3481041] 1.0
[3480819, -3481042] 0.55
[3480819, -3481039] 1.0
[3480813, -3480853] 1.0
[3480819, -3481040] 0.55
[-3480841, 3480836] 1.0
[-3480841, 3480834] 1.0
[3480813, 3480923] 1.0
[-3480841, 3481088] 5.0
[-3480841, 3480831] 1.0
[-3480841, 3480844] 0.35000000000000003
[3480819, -3481316] 2.0
[-3480841, 3480841] 3.0
[3480819, -3481312] 0.1
[3480819, -3480813] 0.003959687500000001
[3480819, -3481070] 3.4350000000000005
[3480813, -3480884] 1.0
[3480819, -3480811] 0.334
[3480819, -3480812] 0.16534375
[3480819, -3480809] 0.15768125000000002
[3480813, -3480879] 0.2
[3480819, -3480810] 0.7456250000000001
[-3480841, 3480849] 2.0
[3480819, -3481063] 0.7000000000000001
[3480974, 3480809] 3.0
[3480844, -3480956] 2.0
[3480819, -3481199] 3.0
[3480819, -3480956] 2.0
[3480819, -3480953] 1.85
[3480819, -3481209] 3.0
[3480844, -3480961] 1.6
[3480819, -3481207] 3.0
[3480819, -3480963] 3.0
[3480813, -3481033] 1.0
[3480819, -3481220] 1.0
[3480819, -3480962] 1.3
[3480974] 6.0
[3480819, -3480971] 2.0
[3480819, -3481227] 4.0
[3480819, -3481238] 2.0
[-3480841, 3481021] 1.0
[3480819, -3480979] 3.1850000000000005
[3480974, 3480860] 1.0
[3480813, -3480811] 8.0
[3480813, -3480809] 3.1500000000000004
[3480844, -3480998] 1.0
[3480819, -3481261] 1.0
[3480819, -3481006] 11.0
[3480819, 3481324] 1.0
[3480974, 3480871] 0.55
[3480974, 3480870] 0.55
[3480819, -3481002] 10.600000000000001
[3480813, -3480813] 1.3
[3480819, 3480884] 1.0
[3480819, -3480883] 5.0
[3480819, -3481139] 0.15000000000000002
[-3480841, -3480843] 3.0
[3480819, -3480881] 8.0
[3480813, 3480819] 1.0
[3480844, 3480881] 3.0
[3480974, -3481079] 1.0
[-3480841, -3480849] 0.4
[3480819, -3480879] 0.6125
[3480819, -3481391] 1.0
[-3480841, -3480848] 1.0
[3480974, -3480834] 2.0
[3480819, -3480894] 0.17450000000000002
[3480974, -3480835] 1.0
[3480813, 3480821] 1.0
[3480974, -3481088] 6.0
[3480819, -3480887] 5.4725
[3480819, -3480888] 1.0
[3480813, 3480824] 2.0
[3480819, -3480902] 1.25
[3480819, -3480895] 5.0
[3480974, -3480836] 1.55
[-3480841, -3480870] 0.037500000000000006
[3480974, -3480849] 2.0
[-3480841] 0.30000000000000004
[3480819, -3480906] 2.0
[3480819, -3480903] 1.5
[-3480841, -3480871] 0.037500000000000006
[3480819, -3480917] 3.0
[3480819, -3480918] 1.0
[3480819, 3480850] 2.0
[3480819, -3480916] 1.1
[3480974, -3480867] 1.0
[3480819, -3481434] 1.0
[3480819, -3480922] 1.0
[3480819, -3480919] 2.0
[3480819, -3480933] 0.8178750000000001
[3480819, -3480934] 0.4575
[3480819, -3480931] 0.11212500000000002
[3480819, -3480932] 0.134
[3480844, -3481195] 8.0
[3480974, 3480925] 0.65
[3480974, -3480882] 0.30000000000000004
[3480819, 3480881] 4.0
[-3480841, -3480842] 3.0
