[]
[2214802, 2307, 197317, 1770589, 72022, 3118694, 801504, 1844242, 306203]
[4217036]
[4295829, -4295838] 2.95
[] 1.0
[4295829, -4295837] 20.85
[4295829, -4295840] 2.45
[4295829, 4295849] 0.1
[4295829, -4295841] 5.15
[4295829, 4295848] 1.0
[4295829, -4295850] 7.4
[4295829, 4295856] 3.0
[4295829, 4295829] 1.0
[4295829, 4295831] 2.0
[4295829, -4295826] 0.1
[4295829, -4295828] 1299.75
[4295829, 4295835] 0.2
[-4295829, -4295837] 1.6
[-4295829, -4295840] 3.0
[4295829, -4295829] 312.05
[4295829, 4295836] 6.6000000000000005
[-4295829, 4295829] 0.25
[4295829, 4295838] 0.4
[4295829, 4295827] 4.0
[-4295829, -4295829] 1.1
[-4295829] 31.0
[4295829] 0.1
[4295829, -4295860] 11.65
