[]
[4196818, 1471442, 4260, 239067, 2138665, 482301, 3238314, 1078604, 4244447]
[2208079]
[4295844, 4295828] 1.0
[] 1.0
[4295837, -4295829] 11.200000000000001
[4295844] 2.0
[4295840, 4295827] 9.0
[4295845] 1.0
[4295844, 4295834] 8.0
[4295840, 4295829] 5.0
[4295837, -4295837] 6.65
[4295837, -4295840] 3.1500000000000004
[4295852] 8.0
[4295844, 4295837] 2.0
[4295851] 1.0
[4295844, 4295840] 1.0
[4295853] 1.0
[-4295844, -4295844] 2.0
[4295858] 5.0
[4295834, -4295853] 2.3000000000000003
[4295852, 4295827] 2.0
[4295852, 4295829] 8.0
[4295837, -4295826] 1.0
[4295828, -4295839] 7.0
[4295840, -4295826] 3.0
[4295828, -4295838] 7.15
[4295840, -4295829] 8.167500000000002
[4295828, -4295841] 7.767500000000002
[4295828, -4295840] 3.0950000000000006
[4295828, -4295843] 0.45
[-4295844, 4295828] 1.0
[4295840, -4295837] 11.0
[4295840, -4295839] 2.0
[4295852, -4295827] 1.0
[4295828, -4295850] 2.115
[-4295844, 4295834] 8.0
[4295840, -4295840] 11.010000000000002
[4295853, -4295832] 1.0
[4295858, -4295858] 2.535
[4295828, -4295827] 1.0
[4295853, -4295834] 0.25
[4295828, -4295826] 10.0
[4295828, -4295829] 495.44750000000005
[4295828, -4295828] 1379.5550000000003
[4295828, -4295833] 1.0
[4295853, -4295842] 0.05
[4295828, -4295837] 25.302500000000002
[4295837, -4295860] 15.0
[4295852, -4295847] 2.99
[-4295844, 4295851] 1.0
[4295840, -4295860] 4.067500000000001
[-4295844] 2.0
[4295837, 4295859] 2.0
[4295852, -4295852] 2.8775000000000004
[4295834, 4295829] 3.0
[-4295844, 4295837] 2.0
[-4295844, 4295840] 1.0
[4295858, 4295829] 3.0
[4295845, 4295851] 1.0
[4295828, -4295860] 8.637500000000001
[4295844, -4295844] 2.0
[-4295844, 4295844] 2.0
[4295852, -4295839] 1.0
[4295840, -4295850] 6.1000000000000005
[4295840, -4295856] 1.0
[4295845, 4295828] 1.0
[4295828, 4295843] 0.45
[4295834, -4295832] 1.1
[4295834, -4295834] 0.49500000000000005
[4295828, 4295848] 3.0
[4295851, -4295851] 4130.2825
[4295834, -4295839] 2.4000000000000004
[4295845, 4295834] 6.0
[4295828, 4295849] 19.0
[4295845, 4295837] 1.0
[4295837, 4295829] 3.0
[4295834, -4295842] 1.9000000000000001
[4295828, 4295856] 3.0
[4295844, 4295844] 2.0
[4295828, 4295827] 33.0
[4295828] 4.0
[4295828, 4295829] 4.0
[4295828, 4295831] 11.0
[4295828, 4295836] 6.682500000000001
[4295834] 56.0
[4295853, 4295829] 1.0
[4295828, 4295835] 7.0
[4295844, 4295851] 1.0
[4295852, 4295859] 5.0
[4295828, 4295838] 0.7000000000000001
[4295837] 1.0
[4295840] 1.0
