[]
[2263474, 2120612, 2152248, 2697105, 1565357, 3132, 2625045, 748325, 1594439]
[822479]
[3480837, -3480867] 1.0
[3480836, -3480836] 0.07500000000000001
[] 1.0
[3480837, -3480868] 4.0
[3480819, -3480822] 1.9000000000000001
[3480819, -3480819] 0.03476531250000001
[3480837, -3480874] 0.25
[3480819, -3480828] 15.0
[3480819, -3480824] 3.0500000000000003
[3480837, 3480917] 0.7000000000000001
[3480837, -3480881] 1.0
[3480819, -3480831] 9.0
[3480819, -3480846] 0.8797500000000001
[3480819, -3480844] 2.0
[3480837, -3480888] 3.0
[3480819, -3480853] 7.45
[3480835, -3480838] 4.0
[3480835, -3480835] 1.0825000000000002
[3480835, -3480836] 0.9
[3480837, 3480874] 1.0
[3480835, -3480834] 0.35000000000000003
[3480819, -3480850] 1.0
[3480819, -3480848] 2.0
[3480819, 3480918] 1.0
[3480838, -3480938] 2.0
[3480819, -3480862] 3.755000000000001
[3480838, -3480936] 1.0
[3480835, -3480843] 2.0
[3480819, -3480859] 5.15
[3480819, -3480860] 0.8117500000000002
[3480819, -3480857] 1.0425000000000002
[3480819, 3480929] 1.0
[3480835, -3480842] 2.0
[3480835, -3480839] 1.0
[3480819, -3480855] 4.0
[3480819, -3480856] 4.0
[3480819, -3480867] 2.0
[3480851, -3480835] 1.0
[3480819, 3480930] 4.0
[3480851, -3480836] 0.35000000000000003
[3480835, 3480953] 1.0
[3480835, -3480849] 3.0
[3480835, 3480952] 1.0
[3480819, -3481378] 1.0
[3480851, -3480834] 3.0
[3480819, -3480864] 3.0
[3480850, 3481003] 4.0
[3480850, -3481324] 5.300000000000001
[3480850, -3480812] 0.9
[3480850, 3481002] 1.0
[3480835, 3480954] 1.0
[3480819, -3480876] 1.0
[3480850, -3480810] 0.4
[3480837, -3480917] 0.1
[3480838, -3480834] 0.6000000000000001
[3480819, -3481265] 0.4
[3480915, -3481170] 1.0
[3480819, -3481266] 12.0
[3480837, 3480974] 2.0
[3480837, 3480972] 4.0
[3480838, -3480838] 0.04750000000000001
[3480838, -3480839] 1.0
[3480838, -3480836] 5.0
[3480819, -3481285] 0.25
[3480819, -3481283] 0.25
[3480819, -3481284] 0.25
[3480819, -3481281] 1.0
[3480838, -3480852] 1.0
[3480837, -3480822] 1.0
[3480837, -3480836] 0.9
[3480837, -3480832] 4.0
[3480837, -3480841] 0.30000000000000004
[3480837, -3480837] 0.7421250000000001
[3480819, -3481316] 2.0
[3480819, -3481312] 0.1
[3480850, -3481249] 9.450000000000001
[3480819, -3480813] 0.003959687500000001
[3480837, 3480958] 3.0
[3480819, -3480811] 0.334
[3480819, -3480812] 0.16534375
[3480819, -3480809] 0.007884062500000002
[3480819, -3480810] 0.7456250000000001
[3480850, 3480881] 7.0
[3480819, -3481199] 3.0
[3480819, -3481209] 3.0
[3480819, -3481207] 3.0
[3480836, 3480822] 1.0
[3480819, -3481220] 1.0
[3480835, 3480860] 3.0
[3480819, -3481227] 4.0
[3480835, 3480864] 1.0
[3480850, -3481174] 4.0
[3480819, -3481238] 2.0
[3480850, -3481173] 2.0
[3480835, 3480809] 1.6500000000000001
[3480850, -3481171] 2.0
[3480851, 3480822] 2.0
[3480835, 3480812] 0.15000000000000002
[3480835, 3480811] 0.15000000000000002
[3480835, 3480810] 0.15000000000000002
[3480835, 3480821] 3.0
[3480851, 3480841] 1.0
[3480835, 3480822] 3.0
[3480819, -3481261] 0.05
[3480819, 3481324] 1.0
[3480851, 3480844] 7.0
[3480835, 3480827] 1.0
[3480835, 3480826] 1.0
[3480819, 3480884] 1.0
[3480819, -3481139] 0.15000000000000002
[3480838, 3480812] 1.0
[3480838, 3480810] 1.0
[3480838, 3480809] 4.0
[3480851, 3480925] 4.0
[3480835, -3481131] 2.0
[3480835, 3480913] 2.0
[3480838, 3480822] 2.0
[3480838, 3480821] 1.0
[3480838, 3480827] 2.0
[3480944, -3480944] 0.9500000000000001
[3480851, -3481132] 1.0
[3480835, 3480869] 6.0
[3480850, -3481111] 1.0
[3480819, 3480850] 2.0
[3480837, 3480813] 0.15000000000000002
[3480835, 3480881] 1.0
[3480837, 3480821] 1.0
[3480837, 3480831] 1.0
[3480819, 3480881] 4.0
[-3480881, -3480881] 1.0
[3480850, -3481014] 1.0
[3480819, -3481076] 7.0
[3480850] 1.0
[3480851] 2.0
[3480835, -3481065] 1.0
[3480819, -3481082] 5.5
[3480851, -3481048] 1.0
[3480838] 2.0
[3480819, -3481093] 1.0
[3480837] 2.0
[3480915, 3480809] 2.0
[3480834] 4.0
[3480819, -3481090] 1.0
[3480836] 3.0
[3480835, -3481071] 3.0
[3480835] 17.0
[3480915, 3480812] 1.0
[3480915, 3480810] 1.0
[3480819, 3481171] 1.0
[-3480881] 1.0
[3480835, -3481090] 0.8
[3480819] 1.0
[3480819, -3481104] 0.8
[3480819, -3481115] 2.0
[3480819, -3481111] 1.0
[3480835, -3481113] 3.0
[3480819, -3481013] 1.0
[3480819, -3481014] 3.0
[3480915, -3480915] 1.6500000000000001
[3480819, -3481007] 1.0
[3480915] 2.0
[3480834, 3480812] 1.0
[3480819, -3481022] 2.2
[3480819, -3481018] 2.45
[3480850, -3480966] 3.0
[3480834, 3480819] 1.0
[3480819, -3481027] 3.0
[3480851, 3480809] 3.0
[3480850, -3480962] 1.0
[3480834, 3480822] 3.0
[3480819, -3481024] 6.0
[3480835, -3481021] 1.0
[3480819, -3481038] 2.4000000000000004
[3480819, -3481033] 2.0
[3480819, -3481031] 1.0
[3480819, -3481045] 4.0
[3480819, -3481046] 3.0
[3480837, -3481090] 1.0
[3480835, -3481025] 1.0
[3480819, -3481041] 1.0
[3480819, -3481042] 0.55
[3480819, -3481039] 1.0
[3480915, 3480822] 1.0
[3480819, -3481040] 0.55
[3480851, -3481021] 10.0
[3480837, -3481105] 1.0
[3480850, -3480996] 1.0
[3480850, -3480997] 6.0
[3480819, -3481070] 3.4350000000000005
[3480851, -3481036] 1.0
[3480850, -3481003] 2.0
[3480819, -3481063] 14.0
[3480837, -3480996] 6.0
[3480915, -3480851] 1.0
[3480850, -3480881] 3.0
[3480836, -3480972] 2.0
[3480835, -3480941] 3.0
[3480837, -3481004] 4.0
[3480850, -3481404] 2.0
[3480819, -3480956] 2.0
[3480819, -3480953] 1.85
[3480835, -3480938] 2.0
[3480835, -3480936] 6.0
[3480837, -3481012] 1.0
[3480819, -3480963] 3.0
[3480835, 3481113] 3.0
[3480819, -3480962] 1.3
[3480836, -3480974] 2.0
[3480835, -3480944] 2.0
[3480944, 3480809] 1.0
[3480819, -3480971] 2.0
[3480944, 3480807] 2.0
[3480835, -3480954] 1.0
[3480837, -3481025] 0.5
[3480819, -3480979] 3.1850000000000005
[3480835, -3480974] 1.0
[3480835, -3480972] 1.0
[3480834, -3480938] 2.0
[3480835, -3480970] 4.0
[3480850, -3480923] 1.0
[3480837, 3481012] 2.0
[3480850, -3480942] 2.0
[3480819, -3481006] 11.0
[3480944] 2.0
[3480850, -3480941] 1.0
[3480819, -3481002] 10.600000000000001
[3480850, -3480939] 1.0
[3480837, 3481025] 1.0
[3480835, -3480869] 7.0
[3480834, -3480838] 2.0
[3480850, -3480822] 10.0
[3480834, -3480839] 1.0
[3480819, -3480883] 5.0
[3480851, -3480851] 0.36500000000000005
[3480819, -3480881] 8.0
[3480851, -3480849] 0.75
[3480834, -3480834] 0.8
[3480850, -3480819] 1.0
[3480819, -3480879] 0.6125
[3480819, -3481391] 1.0
[3480819, -3480894] 0.17450000000000002
[3480850, -3480831] 4.0
[3480835, -3480875] 2.0
[3480850, -3480828] 7.0
[3480835, -3480874] 1.0
[3480850, -3480827] 1.0
[3480819, -3480887] 5.4725
[3480850, -3480824] 5.0
[3480819, -3480888] 1.0
[3480850, -3480825] 1.0
[3480819, -3480902] 1.25
[3480851, -3480870] 3.0
[3480834, -3480852] 1.0
[3480838, -3480974] 1.0
[3480835, -3480881] 1.0
[3480838, -3480972] 1.0
[3480819, -3480895] 5.0
[3480850, -3480832] 2.0
[3480944, 3480872] 1.0
[3480850, -3480844] 4.0
[3480819, -3480906] 2.0
[3480819, -3480903] 1.5
[3480851, -3480871] 3.0
[3480819, -3480917] 3.0
[3480819, -3480918] 1.0
[3480837, -3480962] 2.0
[3480819, -3480916] 1.1
[3480834, -3480869] 1.0
[3480850, -3480850] 0.0075253125000000025
[3480837, -3480958] 2.0
[3480837, -3480972] 1.0
[3480836, -3480936] 3.0
[3480819, -3481434] 1.0
[3480819, -3480922] 1.0
[3480819, -3480919] 2.0
[3480819, -3480933] 0.8178750000000001
[3480819, -3480934] 9.15
[3480819, -3480931] 2.2425
[3480819, -3480932] 0.134
[3480836, -3480944] 0.9
[3480835, -3480913] 1.0
[3480850, -3480864] 0.8
[3480837, -3480974] 2.0
[3480850, -3480878] 5.0
[3480850, -3480876] 1.0
