[]
[630840, 2822079, 2380481, 366752, 826571, 2102504, 616563, 1650213, 1053389]
[838198]
[] 1.0
[3480935, -3480831] 6.0
[3480931, -3480962] 1.0
[3480813, 3480881] 2.0
[3480931, -3480972] 1.0
[3480831, -3480942] 2.0
[3480813, -3480894] 0.7475
[3480813, -3480903] 2.9000000000000004
[3480935, -3480844] 2.0
[3480935, -3481100] 2.0
[3480813, -3480902] 1.7000000000000002
[3480813, -3480916] 2.2
[3480935, -3480855] 1.0
[3480821] 1.0
[3480935, -3480866] 1.1500000000000001
[3480813, -3481180] 2.0
[3480971, -3480955] 1.0
[3480813, -3480922] 1.0
[3480971, -3480956] 0.25
[3480813, -3480919] 2.0
[3480813, -3480920] 3.0
[3480813, -3480917] 2.0
[3480813, -3480918] 1.0
[3480813, -3481430] 2.0
[3480813, -3480931] 1.4500000000000002
[3480813, -3480932] 0.43250000000000005
[3480971, -3480963] 0.5
[3480831] 1.0
[3480931, -3481002] 1.0
[3480971, -3480962] 4.0
[3480935, -3480881] 2.0
[3480971, -3480971] 0.025
[3480813, -3480933] 1.0
[3480813, -3480934] 1.3050000000000002
[3480813] 1.0
[3480813, -3481199] 4.0
[3480813, -3481198] 1.0
[3480974, -3481069] 1.0
[3480931, -3480902] 1.0
[3480813, -3480828] 0.9
[3480831, -3480874] 1.0
[3480971, -3481113] 1.0
[3480813, -3480824] 0.275
[3480971, -3481111] 1.0
[3480935, -3481020] 1.0
[3480813, -3480822] 0.45
[3480831, -3480881] 1.0
[3480813, -3480833] 2.0
[3480974, 3480822] 0.15000000000000002
[3480974, 3480821] 1.0
[3480813, -3480831] 3.0
[3480971, -3480864] 1.0
[3480813, -3481100] 2.0
[3480813, -3481097] 3.0
[3480813, -3480839] 1.0
[3480813, -3481093] 4.0
[3480813, 3480960] 1.0
[3480813, -3481105] 1.0
[3480971, -3480881] 1.0
[3480813, -3481104] 0.31500000000000006
[3480813, -3480846] 0.016325000000000003
[3480813, -3480859] 1.2550000000000001
[3480813, -3480860] 0.15150000000000002
[3480931, -3480931] 0.04762500000000001
[3480813, -3480857] 4.7375
[3480813, -3480855] 0.45
[3480813, -3480853] 2.4000000000000004
[3480935, -3481065] 1.0
[3480813, -3480867] 3.0
[3480813, 3480923] 1.0
[3480813, -3480864] 0.6000000000000001
[3480813, -3480862] 1.7000000000000002
[3480813, 3480929] 1.0
[3480935, -3480825] 1.0
[3480813, -3481139] 0.9500000000000001
[3480813, -3480883] 0.30000000000000004
[3480813, -3480884] 0.15000000000000002
[3480813, -3480881] 0.1125
[3480813, -3480879] 0.9
[3480974, 3480812] 0.05
[3480935, -3480822] 2.0500000000000003
[3480974, 3480810] 0.05
[3480974, 3480809] 0.15000000000000002
[3480935, -3480962] 1.4500000000000002
[3480813, -3481018] 3.0
[3480831, -3481064] 2.0
[3480935, -3480955] 2.0
[3480813, -3481013] 1.0
[3480935, -3480956] 0.45
[3480813, -3481014] 4.0
[3480931, -3480844] 5.0
[3480813, -3481024] 2.0
[3480935, -3480963] 0.07062500000000001
[3480813, -3481022] 0.5
[3480813, -3481033] 6.0
[3480813, -3481031] 0.35000000000000003
[3480831, -3480822] 1.0
[3480935, -3480971] 4.0
[3480974] 6.0
[3480931, -3480862] 1.0
[3480971, -3480822] 2.6500000000000004
[3480831, -3480831] 0.3400000000000001
[3480971] 0.05
[3480931, -3481125] 2.0
[3480831, -3480841] 1.0
[3480931, -3481126] 2.0
[3480931, -3480867] 1.0
[3480813, -3481050] 1.0
[3480813, -3481045] 1.0
[3480813, -3481046] 3.0
[3480935, -3480997] 2.0
[3480813, -3480811] 0.08737500000000002
[3480974, 3480864] 1.0
[3480935, -3481007] 1.0
[3480813, -3480809] 0.032150000000000005
[3480935] 1.0
[3480971, -3480844] 6.0
[3480971, -3481100] 1.0
[3480931, -3480881] 1.3
[3480813, -3481063] 1.1500000000000001
[3480931, -3480879] 0.55
[3480931] 1.0
[3480813, -3480819] 0.8500000000000001
[3480931, -3480894] 1.0
[3480813, -3480813] 0.012906250000000003
[3480813, -3481207] 3.0
[3480813, 3480819] 0.05
[3480935, 3480881] 3.0
[3480813, 3480823] 1.0
[3480974, -3480835] 1.0
[3480813, -3480961] 1.0
[3480813, 3480821] 1.0
[3480813, -3480962] 0.8
[3480813, 3480824] 0.020000000000000004
[3480813, -3481227] 6.0
[3480974, 3480962] 0.30000000000000004
[3480813, -3481229] 1.0
[3480931, -3480813] 3.0
[3480935, -3480935] 0.004875000000000001
[3480931, -3480819] 5.0
[3480813, -3481002] 6.0
[3480813, -3481011] 4.0
[3480931, -3480828] 2.0
[3480935, -3480949] 1.0
