[]
[505745, 79734, 157336, 482301, 1442892, 3396121, 775696, 2703591, 1427578]
[244844]
[] 1.0
[4295837, -4295829] 1.75
[4295840, 4295827] 1.0
[4295840, 4295829] 3.0
[4295837, -4295837] 0.18500000000000003
[4295837, -4295840] 0.8500000000000001
[4295851] 1.0
[4295855] 1.0
[4295858] 1.0
[4295834, -4295853] 1.4500000000000002
[4295855, 4295859] 1.0
[4295828, -4295839] 3.0
[4295855, 4295839] 3.0
[4295840, -4295826] 1.0
[4295828, -4295838] 7.300000000000001
[4295840, -4295829] 6.25
[4295828, -4295841] 8.1775
[4295828, -4295840] 2.7975000000000003
[4295828, -4295843] 0.45
[4295840, -4295837] 3.25
[4295828, -4295850] 2.2825
[4295840, -4295840] 5.7
[4295858, -4295858] 0.33000000000000007
[4295828, -4295827] 17.0
[4295855, 4295827] 3.0
[4295828, -4295826] 13.0
[4295828, -4295829] 525.0400000000001
[4295855, 4295829] 2.0
[4295828, -4295828] 1563.5725000000002
[4295828, -4295833] 1.0
[4295828, -4295837] 24.602500000000003
[4295837, -4295860] 2.0
[4295840, -4295860] 3.7
[4295837, 4295859] 2.0
[4295834, 4295829] 1.0
[4295858, 4295829] 2.0
[4295828, -4295860] 9.167500000000002
[4295828, 4295843] 0.45
[4295834, -4295832] 15.0
[4295834, -4295834] 5.050000000000001
[4295828, 4295848] 3.0
[4295840, 4295859] 1.0
[4295851, -4295851] 4130.2825
[4295855, -4295847] 3.0500000000000003
[4295834, -4295839] 2.5500000000000003
[4295837, 4295827] 1.0
[4295828, 4295849] 1.0
[4295837, 4295829] 0.15000000000000002
[4295855, -4295852] 0.1
[4295855, -4295854] 8.450000000000001
[4295834, -4295842] 1.5
[4295828, 4295856] 5.0
[4295855, -4295855] 1.8100000000000003
[4295828, 4295827] 1.8
[4295828] 4.0
[4295828, 4295829] 2.0
[4295828, 4295831] 12.0
[4295828, 4295836] 6.237500000000001
[4295834] 43.0
[4295828, 4295835] 0.4
[4295828, 4295838] 0.9500000000000001
[4295837] 1.0
[4295840] 1.0
