[]
[1120661, 1812623, 1617727, 1131510, 422492, 276062, 1510218, 550006, 2848100]
[3714056]
[] 1.0
[4295837, -4295829] 1.4500000000000002
[4295837, -4295837] 4.3500000000000005
[4295837, -4295840] 1.1
[4295851] 1.0
[4295853] 0.55
[4295855] 1.0
[4295858] 3.0
[4295834, -4295853] 11.0
[4295855, 4295859] 1.0
[4295828, -4295839] 3.0
[4295828, -4295838] 5.65
[4295828, -4295841] 136.55
[4295828, -4295840] 43.45
[4295828, -4295843] 0.15000000000000002
[4295828, -4295850] 17.7
[4295853, -4295832] 6.0
[4295858, -4295858] 89.0
[4295828, -4295827] 15.0
[4295837, -4295850] 1.0
[4295853, -4295834] 62.0
[4295828, -4295826] 4.0
[4295828, -4295829] 9228.35
[4295855, 4295829] 3.0
[4295828, -4295828] 26216.0
[4295828, -4295833] 1.0
[4295853, -4295839] 10.0
[4295853, -4295842] 0.45
[4295828, -4295837] 302.55
[4295837, -4295860] 3.0
[4295834, 4295829] 1.0
[4295858, 4295829] 1.0
[4295828, -4295860] 183.3
[4295828, 4295843] 0.15000000000000002
[4295834, -4295832] 7.0
[4295834, -4295834] 57.0
[4295828, 4295848] 1.0
[4295851, -4295851] 82605.65000000001
[4295834, -4295839] 21.0
[4295828, 4295849] 2.0
[4295837, 4295829] 0.15000000000000002
[4295834, -4295842] 0.75
[4295828, 4295856] 2.0
[4295855, -4295855] 1.0
[4295828, 4295827] 1.05
[4295828] 2.0
[4295828, 4295831] 8.0
[4295828, 4295836] 126.9
[4295834] 0.9500000000000001
[4295853, 4295829] 3.0
[4295828, 4295835] 2.0
[4295828, 4295838] 0.30000000000000004
[4295837] 1.0
[4295839] 1.0
