[]
[3255360, 155347, 3902809, 921162, 1399, 33480, 485945, 2973523, 405289]
[3862670]
[-4295829, 4295835] 1.0
[] 1.0
[-4295829, 4295836] 4.65
[-4295829, 4295839] 16.150000000000002
[-4295829, 4295838] 1.0
[-4295829, 4295843] 0.4
[-4295829, 4295847] 12.0
[-4295840, -4295839] 2.0
[-4295829, 4295849] 1.0
[-4295829, 4295848] 0.2
[4295827, 4295827] 1.0
[4295827, 4295829] 0.4
[-4295829, 4295827] 0.061375000000000006
[-4295829, 4295829] 1.0439062500000005E-4
[4295827, 4295839] 4.0
[-4295829, 4295831] 0.45
[-4295829, 4295833] 14.950000000000001
[-4295828, 4295836] 6.0
[4295849, -4295849] 0.09000000000000001
[-4295838, -4295856] 1.0
[-4295828, 4295837] 1.7903125000000005E-4
[-4295828, 4295840] 9.478125000000003E-5
[-4295828, 4295839] 2.6675000000000006E-4
[-4295838, -4295860] 7.5425
[-4295828, 4295842] 0.017200000000000003
[-4295828, 4295841] 0.02650000000000001
[-4295838, -4295862] 1.0
[-4295828, 4295844] 0.018875000000000003
[-4295828, 4295846] 4.55
[-4295828, 4295845] 0.0010340625000000003
[-4295828, 4295847] 0.039012500000000006
[-4295838, -4295841] 0.7691250000000002
[-4295829, 4295850] 0.03975000000000001
[-4295838, -4295840] 0.34875000000000006
[-4295827] 12.0
[-4295838, -4295843] 0.21250000000000002
[4295849, -4295835] 0.2
[-4295826] 0.2
[-4295829] 0.006445937500000003
[-4295828] 0.0020940000000000004
[-4295828, 4295826] 1.0075
[-4295829, 4295856] 4.3500000000000005
[-4295828, 4295828] 8.000000000000003E-5
[-4295829, 4295859] 3.6325000000000003
[-4295828, 4295827] 0.5075000000000001
[-4295829, 4295858] 0.45
[-4295828, 4295830] 3.1500000000000004
[-4295838, -4295850] 8.520000000000001
[-4295828, 4295832] 0.07950000000000002
[-4295837] 0.6127500000000001
[-4295828, 4295834] 1.9959375000000004E-4
[-4295839] 5.0
[-4295838] 3.25
[4295835, -4295835] 0.24250000000000005
[-4295841, -4295844] 1.3
[4295829, 4295829] 1.0
[4295829, 4295831] 0.05
[-4295841, -4295845] 1.2000000000000002
[-4295841, -4295847] 1.0
[-4295841, -4295857] 11.0
[-4295841, -4295839] 1.0
[4295827, 4295859] 0.35000000000000003
[-4295840, -4295845] 34.0
[4295835, -4295849] 0.13250000000000003
[-4295840, -4295844] 0.8500000000000001
[-4295840, -4295857] 4.0
[-4295860, -4295847] 1.0
[4295829, -4295837] 2.0
[4295829, -4295840] 2.0
[-4295841, 4295827] 2.0
[-4295841, 4295826] 2.6
[4295848] 0.05
[-4295841, 4295828] 0.13250000000000003
[4295849] 0.2
[-4295860, -4295857] 29.0
[-4295828, -4295827] 33.0
[4295829, -4295850] 4.45
[-4295828, -4295826] 3.0
[-4295841, 4295837] 9.5
[4295856] 0.05
[-4295860, -4295861] 1.35
[-4295841, 4295836] 1.0
[-4295826, 4295855] 3.0
[4295829, -4295826] 0.05
[4295829, -4295827] 1.0
[4295829, -4295829] 0.25912500000000005
[-4295827, -4295839] 3.0
[4295829, -4295833] 1.0
[-4295860, -4295845] 0.8500000000000001
[-4295860, -4295844] 15.0
[-4295841, 4295855] 0.1675
[-4295826, -4295845] 1.0
[-4295841, 4295854] 0.05
[-4295826, -4295844] 1.0
[-4295841, 4295857] 5.0
[-4295841, 4295859] 5.0
[-4295840, 4295828] 0.14750000000000002
[-4295841, 4295858] 0.11500000000000002
[-4295840, 4295827] 1.0
[-4295841, 4295861] 1.0
[-4295841, 4295860] 0.15000000000000002
[-4295840, 4295832] 2.25
[-4295841, 4295862] 1.0
[-4295840, 4295834] 3.0500000000000003
[-4295840, 4295837] 0.7325
[-4295841, 4295839] 1.1500000000000001
[-4295841, 4295841] 0.2
[-4295841, 4295840] 4.45
[-4295841, 4295845] 2.5
[-4295841, 4295844] 1.3
[-4295841, 4295847] 4.5
[-4295841, 4295851] 2.0
[-4295841, 4295852] 2.25
[-4295841] 0.9025000000000001
[-4295829, -4295847] 0.9288750000000001
[-4295840] 1.3350000000000002
[-4295827, 4295839] 1.0
[-4295829, -4295850] 1.695
[-4295860, 4295837] 0.555
[-4295860, 4295840] 0.1075
[-4295829, -4295852] 9.992500000000001
[-4295860, 4295839] 3.0500000000000003
[4295831, -4295839] 1.0
[-4295860, 4295842] 1.0
[-4295829, -4295854] 1.6850000000000003
[-4295860, 4295841] 2.0
[-4295829, -4295853] 2.8275000000000006
[-4295860, 4295844] 14.0
[-4295829, -4295856] 0.1875
[-4295829, -4295855] 0.0010034375000000004
[-4295860, 4295846] 1.0
[-4295829, -4295858] 0.8900000000000001
[-4295850] 1.3875000000000002
[-4295860, 4295845] 7.0
[-4295829, -4295860] 0.9625
[-4295860, 4295847] 0.9
[-4295828, 4295852] 9.180000000000001
[-4295829, -4295832] 10.450000000000001
[-4295828, 4295851] 2.0
[-4295828, -4295862] 5.0
[-4295828, 4295854] 1.3225000000000002
[-4295829, -4295834] 9.045
[-4295828, 4295853] 0.0017109375000000004
[-4295829, -4295833] 10.5
[-4295829, -4295836] 0.018375000000000002
[-4295828, 4295855] 2.15
[-4295860] 0.8950000000000001
[-4295828, 4295858] 3.2800000000000007
[-4295860, 4295826] 6.0
[-4295827, 4295827] 0.08250000000000002
[-4295828, 4295857] 9.450000000000004E-4
[-4295829, -4295837] 0.08996250000000003
[-4295828, 4295860] 0.005181250000000002
[-4295860, 4295828] 0.17250000000000001
[-4295827, 4295829] 18.0
[-4295829, -4295840] 0.003583437500000001
[-4295828, 4295859] 4.492500000000001
[-4295860, 4295827] 1.9000000000000001
[-4295829, -4295839] 4.8475
[-4295828, 4295862] 7.65
[-4295829, -4295842] 1.7400000000000002
[-4295828, 4295861] 1.0225000000000002
[-4295829, -4295841] 2.6500000000000004
[-4295860, 4295832] 2.0
[-4295829, -4295843] 0.4
[4295831, -4295831] 0.0014875000000000003
[-4295860, 4295834] 2.5
[4295848, -4295848] 13.0
[-4295828, -4295847] 30.0
[-4295826, 4295837] 4.0
[-4295828, -4295846] 14.0
[-4295826, 4295839] 1.0
[-4295826, 4295844] 1.0
[-4295828, -4295857] 4.3812500000000015E-4
[-4295829, -4295826] 6.15
[-4295826, 4295847] 0.4
[-4295829, -4295828] 3.54
[-4295829, -4295827] 0.515
[-4295828, -4295861] 2.35
[-4295826, 4295851] 1.0
[-4295829, -4295829] 0.53834375
[-4295860, 4295851] 2.0
[-4295860, 4295854] 0.1975
[4295827] 11.0
[-4295860, 4295853] 0.9
[-4295826, 4295826] 0.55
[-4295860, 4295855] 0.25250000000000006
[4295829] 2.0
[-4295826, 4295828] 4.0
[-4295860, 4295858] 2.3000000000000003
[-4295827, 4295859] 9.0
[-4295828, -4295836] 0.7000000000000001
[-4295860, 4295857] 1.5
[4295831] 0.05
[-4295828, -4295839] 8.35
[-4295860, 4295860] 7.750000000000002E-4
[-4295860, 4295859] 1.6500000000000001
[-4295860, 4295862] 1.0
[4295836] 12.55
[-4295860, 4295861] 1.55
[4295835] 0.25
[4295838] 0.4
[-4295828, -4295845] 8.103125000000002E-4
[-4295828, -4295844] 0.018900000000000007
[-4295838, 4295858] 3.0
[-4295837, 4295826] 0.4
[-4295838, 4295859] 1.0
[-4295837, 4295828] 0.012000000000000004
[-4295837, 4295830] 0.45
[-4295837, 4295832] 1.5
[4295836, 4295828] 2.0
[-4295837, 4295834] 0.6825000000000001
[4295836, 4295829] 0.335
[-4295837, 4295839] 0.036750000000000005
[-4295837, 4295841] 4.0
[-4295837, 4295840] 0.038375000000000006
[-4295838, 4295843] 0.21250000000000002
[-4295838, 4295848] 2.15
[-4295838, 4295849] 4.7
[-4295838, 4295856] 2.85
[-4295837, 4295859] 3.35
[-4295837, 4295858] 0.16000000000000003
[-4295837, 4295861] 1.2000000000000002
[-4295837, 4295860] 0.0625
[-4295837, 4295862] 2.0
[-4295837, 4295842] 33.0
[-4295837, 4295845] 2.45
[-4295837, 4295844] 1.6500000000000001
[-4295837, 4295847] 0.104375
[-4295837, 4295846] 2.0
[-4295837, 4295851] 2.0
[-4295837, 4295853] 0.016000000000000004
[-4295837, 4295852] 0.9075000000000002
[-4295837, 4295855] 0.2775
[-4295837, 4295854] 2.85
[-4295837, 4295857] 1.2000000000000002
[-4295850, -4295836] 0.036000000000000004
[4295827, -4295839] 4.0
[-4295840, 4295855] 1.35
[-4295850, -4295839] 7.0
[-4295840, 4295858] 0.18500000000000003
[-4295840, 4295857] 10.0
[-4295840, 4295860] 0.30000000000000004
[-4295840, 4295859] 3.0
[-4295839, 4295828] 2.0
[-4295840, 4295861] 5.0
[4295838, 4295827] 2.8000000000000003
[4295838, 4295829] 1.0
[4295838, 4295831] 1.0
[-4295839, 4295837] 5.0
[4295827, -4295854] 5.0
[4295838, 4295836] 9.095
[-4295839, 4295839] 0.045000000000000005
[4295838, 4295835] 0.65
[-4295840, 4295839] 2.8000000000000003
[-4295840, 4295842] 2.0
[-4295840, 4295841] 6.0
[-4295840, 4295844] 0.8500000000000001
[4295827, -4295827] 0.07250000000000001
[4295827, -4295829] 2.0
[-4295840, 4295845] 0.8
[-4295840, 4295847] 0.22000000000000003
[-4295840, 4295852] 2.3000000000000003
[-4295840, 4295851] 2.0
[-4295840, 4295854] 2.1
[-4295840, 4295853] 0.08250000000000002
[4295836, 4295851] 1.0
[-4295839, 4295859] 2.0
[-4295838, 4295827] 4.95
[-4295839, 4295858] 2.0
[-4295838, 4295829] 0.9
[-4295838, 4295831] 3.6500000000000004
[-4295838, 4295836] 5.3875
[-4295838, 4295835] 1.8
[-4295838, 4295838] 0.23500000000000001
[-4295839, 4295840] 1.0
[4295836, 4295837] 1.0
[4295836, 4295840] 1.0
[-4295839, 4295851] 2.0
[4295836, 4295850] 0.0022562500000000004
[-4295839, 4295855] 4.0
[4295838, -4295860] 0.6120000000000001
[-4295850, 4295850] 2.2937500000000003E-4
[-4295850, 4295829] 0.04662500000000001
[4295856, 4295827] 6.0
[4295856, 4295829] 3.0
[4295838, -4295850] 4.817500000000001
[4295856, 4295836] 1.0
[4295838, 4295856] 0.45
[4295836, -4295836] 0.05212500000000001
[4295836, -4295839] 2.0
[4295838, 4295838] 0.0675
[4295838, 4295843] 0.07750000000000001
[4295838, 4295848] 0.2
[4295836, -4295826] 1.0
[4295838, 4295849] 0.9
[-4295838, -4295827] 25.0
[-4295838, -4295826] 0.3875
[-4295837, -4295857] 1.5
[-4295838, -4295829] 0.06737187500000001
[-4295838, -4295828] 0.010543578125000005
[-4295837, -4295861] 16.0
[-4295838, -4295833] 3.0
[4295856, -4295850] 3.35
[-4295838, -4295837] 0.15007500000000004
[-4295838, -4295839] 5.0
[4295856, -4295856] 1.5
[-4295838, -4295838] 0.4175
[4295856, -4295827] 3.0
[-4295837, -4295839] 1.0
[4295856, -4295829] 0.7755000000000002
[4295856, -4295828] 4.0
[-4295837, -4295844] 1.6500000000000001
[-4295837, -4295845] 2.45
[4295856, -4295837] 0.05271875000000001
[4295856, -4295839] 23.0
[4295856, -4295841] 19.0
[4295856, -4295840] 0.0027325000000000006
[4295838, -4295829] 0.004092703125000002
[4295838, -4295828] 0.012554015625000005
[4295838, -4295833] 2.0
[-4295837, -4295827] 4.0
[4295838, -4295837] 0.10385625000000001
[4295838, -4295839] 6.0
[4295838, -4295838] 0.4425
[4295838, -4295841] 0.5052500000000001
[4295838, -4295840] 5.36
[4295838, -4295843] 0.07500000000000001
[4295856, -4295860] 0.6575000000000001
[4295856, 4295859] 2.0
[4295838, -4295827] 19.0
[4295838, -4295826] 1.4000000000000001
