[]
[4197351, 42072, 1353582, 164665, 4222844, 275722, 108815, 448841, 4242127]
[1944110]
[] 1.0
[-4295827, 4295836] 8.3
[-4295827, 4295838] 25.0
[-4295827, -4295847] 26.75
[-4295827, -4295850] 24.450000000000003
[-4295827, 4295843] 19.0
[-4295827, 4295849] 0.5
[-4295827, 4295848] 6.0
[-4295827, -4295860] 11.350000000000001
[-4295827, -4295829] 2581.3500000000004
[-4295827, 4295827] 2.1
[-4295827, 4295829] 20.0
[-4295827, -4295838] 14.0
[-4295827, -4295837] 138.95000000000002
[-4295827, 4295831] 0.6000000000000001
[-4295827, -4295840] 11.25
[-4295827, -4295841] 51.650000000000006
[-4295827, 4295835] 0.45
[-4295827, -4295843] 20.0
[-4295827, -4295826] 0.9
[-4295827, -4295828] 5117.0
[-4295827, -4295827] 3.0
[-4295827] 29.0
[-4295827, 4295856] 7.0
[-4295827, 4295859] 1.35
