[]
[2821305, 1651723, 1147218, 498176, 1575840, 1807633, 253993, 1471595, 568599]
[54681]
[3480836, -3480836] 12.25
[] 1.0
[3480836, -3480834] 6.75
[3480836, -3480835] 0.5
[3480844, 3481195] 0.6000000000000001
[3480836, -3481088] 5.0
[3480849] 0.05
[3480844, -3480822] 1.0
[3480836, -3480842] 1.55
[3480836, -3480843] 1.55
[3480836, -3480852] 4.0
[3480844, -3480844] 798.3000000000001
[3480844, -3481100] 2.0
[-3480841, -3481180] 1.0
[3480836, -3480851] 0.65
[3480848, 3480831] 1.0
[-3480848, 3480836] 0.1
[3480836, -3480849] 69.0
[3480844, 3480961] 0.5
[3480836] 0.1
[3480848, 3480836] 0.05
[-3480841, 3480870] 0.35000000000000003
[-3480841, 3480871] 0.35000000000000003
[3480849, 3480809] 1.0
[3480848] 1.0
[-3480848, 3480844] 0.2
[-3480848, 3480841] 0.05
[3480841] 0.05
[-3480841, 3480881] 0.1
[-3480876, -3480876] 1.0
[3480848, 3480844] 4.0
[3480844] 3.0
[3480844, -3480860] 1.0
[3480836, -3480869] 2.0
[-3480841, -3481133] 1.0
[-3480841, -3481132] 2.0
[-3480848, 3480849] 0.05
[3480844, -3480857] 1.0
[3480844, -3481111] 2.0
[3480836, -3481132] 2.0
[3480836, -3481133] 2.0
[3480836, -3480874] 1.0
[3480836, -3480870] 1.9000000000000001
[3480836, -3480871] 1.9000000000000001
[3480841, 3481012] 1.0
[3480844, 3480925] 0.7000000000000001
[3480836, -3480881] 2.0
[3480849, -3481025] 1.0
[3480844, -3480870] 1.0
[3480844, -3480871] 1.0
[3480836, 3480925] 0.6000000000000001
[-3480876] 1.0
[-3480848, 3480876] 1.0
[3480876, -3480848] 1.0
[3480844, -3480881] 1.0
[3480844, -3480878] 8.35
[-3480841, -3480974] 4.0
[-3480876, 3480857] 2.0
[-3480845, -3480848] 0.2
[3480836, -3481025] 1.0
[3480841, 3480844] 0.25
[3480849, -3481180] 1.0
[3480849, 3480871] 0.35000000000000003
[3480844, -3481288] 0.1
[3480849, 3480870] 0.35000000000000003
[-3480841, 3480809] 1.0
[3480844, -3481287] 0.2
[-3480841, 3480821] 1.0
[3480849, -3480941] 1.0
[3480841, 3481126] 2.0
[-3480845, -3480876] 3.0
[3480844, 3481288] 15.0
[3480841, 3481125] 2.0
[3480844, 3481287] 1.0
[3480848, 3480849] 0.05
[-3480841, -3480941] 1.0
[3480848, 3480848] 1.0
[3480849, 3480821] 1.0
[-3480841, 3480836] 0.1
[3480848, 3480857] 2.0
[-3480841, 3480834] 0.05
[3480841, 3480821] 1.0
[-3480841, 3480844] 0.30000000000000004
[3480836, -3481072] 3.0
[-3480841, 3480841] 0.30000000000000004
[3480849, 3480841] 0.30000000000000004
[3480849, -3480974] 4.0
[-3480841, -3480970] 1.0
[3480849, 3480846] 1.0
[-3480841, 3480849] 0.05
[3480876] 1.0
[-3480841, 3480846] 1.0
[3480849, 3480844] 0.2
[3480849, -3480970] 1.0
[3480836, -3480962] 1.0
[3480876, 3480844] 0.2
[3480849, -3480851] 0.55
[3480836, 3480809] 1.0
[3480836, -3480961] 1.0
[3480849, -3480852] 4.0
[3480876, 3480849] 0.05
[3480849, -3480849] 67.0
[3480836, -3480970] 1.0
[3480841, -3480867] 1.0
[3480844, -3480961] 2.85
[3480849, 3480925] 0.55
[3480836, 3480822] 3.0
[3480849, -3480871] 1.5
[3480836, 3480821] 2.0
[3480849, -3480869] 2.0
[3480849, -3480870] 1.5
[3480836, -3480974] 4.0
[3480849, -3481133] 1.0
[-3480845, 3480876] 0.1
[3480849, -3481132] 2.0
[-3480848, -3480848] 1.0
[3480841, -3480881] 0.05
[3480849, -3480874] 1.0
[3480849, 3480881] 0.1
[-3480876, 3480831] 1.0
[-3480845, 3480895] 1.0
[-3480841, -3481025] 1.0
[-3480876, 3480836] 0.05
[-3480876, 3480849] 0.05
[3480876, 3480836] 0.1
[-3480876, 3480848] 1.0
[3480848, -3480876] 1.0
[3480876, 3480841] 0.05
[-3480876, 3480844] 4.0
[3480836, 3480870] 0.35000000000000003
[-3480841, 3480925] 0.55
[-3480841, -3480843] 1.55
[-3480848, 3480881] 2.0
[3480844, 3480881] 1.0
[-3480848] 1.0
[3480841, 3480974] 1.0
[-3480841, -3480849] 67.0
[3480836, 3480871] 0.35000000000000003
[-3480841, -3480852] 4.0
[-3480841, -3480851] 0.55
[3480836, 3480881] 0.2
[3480844, -3480895] 1.0
[3480836, -3481180] 1.0
[-3480845] 17.0
[-3480841, -3480870] 1.5
[3480849, -3481072] 3.0
[-3480841, -3480869] 2.0
[-3480841] 0.1
[-3480841, -3480874] 1.0
[3480876, -3480881] 1.0
[-3480841, -3480871] 1.5
[3480876, 3480876] 1.0
[3480836, 3480841] 0.55
[3480876, 3480881] 2.0
[-3480841, -3481072] 3.0
[3480836, 3480846] 1.0
[3480836, -3480941] 1.0
[3480849, -3481088] 4.0
[3480836, 3480844] 0.2
[3480841, -3480837] 1.0
[-3480845, 3480841] 0.1
[3480844, -3481195] 5.0
[3480849, -3480835] 0.5
[-3480845, 3480836] 0.25
[-3480841, -3480834] 5.65
[3480849, -3480836] 6.65
[-3480845, 3480834] 0.1
[3480841, -3480841] 18.6
[-3480841, -3481088] 4.0
[3480849, -3480834] 5.65
[-3480845, 3480848] 1.0
[-3480845, 3480849] 0.15000000000000002
[-3480841, -3480836] 6.65
[3480844, 3480867] 1.0
[-3480841, -3480835] 0.5
[3480849, -3480843] 1.55
[-3480845, 3480844] 0.45
[-3480848, -3480881] 1.0
[-3480841, -3480842] 1.55
[-3480845, 3480845] 3.0
[-3480845, 3480842] 0.15000000000000002
[3480849, -3480842] 1.55
[-3480845, 3480843] 0.15000000000000002
