[]
[2359669, 2370309, 1836414, 641676, 572734, 2134666, 1314783, 1574004, 528756]
[2635284]
[] 1.0
[3480809, -3481024] 6.0
[3480855] 1.0
[3480809, -3481022] 2.3000000000000003
[3480809, -3481018] 2.45
[3480809, -3481031] 1.0
[3480809, -3481285] 5.0
[3480809, -3481027] 3.0
[3480809, -3481283] 5.0
[3480809, -3481284] 5.0
[3480809, -3481281] 1.0
[3480809, -3481039] 1.0
[3480809, -3481040] 0.55
[3480809, -3481038] 2.4000000000000004
[3480809, -3481033] 3.0
[3480809, -3481045] 4.0
[3480809, -3481046] 3.0
[3480809, -3481041] 1.0
[3480809, -3481042] 0.55
[3480809, -3481312] 2.0
[3480963, -3480963] 36.0
[3480963, -3480962] 2.0
[3480809, -3481063] 14.0
[3480809, -3481316] 2.0
[3480809, -3480813] 1.5847500000000005
[3480809, -3481070] 3.4350000000000005
[3480809, -3480811] 6.705
[3480809, -3480812] 3.3068750000000002
[3480809, -3480809] 3.1552500000000006
[3480809, -3480810] 0.7456250000000001
[3480809, -3480824] 3.0500000000000003
[3480809, -3480822] 1.9000000000000001
[3480809, -3480819] 13.90625
[3480809] 2.0
[3480809, -3481076] 7.0
[3480809, -3480956] 2.0
[3480809, -3480953] 1.85
[3480809, -3481209] 3.0
[3480963, -3480864] 4.0
[3480809, 3481324] 1.0
[3480809, 3480819] 1.0
[3480855, -3480855] 31.0
[3480809, 3480823] 1.0
[3480809, -3480963] 3.0
[3480809, -3481220] 1.0
[3480809, 3480821] 1.0
[3480809, -3480962] 26.0
[3480809, 3480824] 2.0
[3480809, -3480971] 2.0
[3480809, -3481227] 4.0
[3480809, -3481238] 2.0
[3480809, -3480979] 3.1850000000000005
[3480809, -3481007] 1.0
[3480809, -3481261] 1.0
[3480809, -3481006] 11.0
[3480809, -3481002] 10.600000000000001
[3480809, -3481013] 1.0
[3480809, -3481014] 3.0
[3480809, -3481265] 0.4
[3480809, -3481266] 12.0
[3480809, -3480895] 5.0
[3480809, -3480894] 3.49
[3480809, -3480903] 30.0
[3480809, 3480881] 4.0
[3480809, -3480902] 25.0
[3480809, 3480884] 1.0
[3480963, -3480822] 1.0
[3480963] 1.0
[3480809, -3480906] 2.0
[3480809, -3480919] 3.0
[3480809, -3480920] 1.0
[3480963, -3480827] 1.0
[3480809, -3480917] 3.0
[3480809, -3480918] 1.0
[3480809, -3480916] 22.0
[3480809, -3481434] 1.0
[3480809, -3480922] 1.0
[3480809, 3480850] 2.0
[3480809, -3480933] 16.3575
[3480963, -3481100] 1.0
[3480809, -3480934] 9.15
[3480809, -3480931] 0.11212500000000002
[3480809, -3480932] 2.68
[3480809, -3481199] 3.0
[3480809, -3481207] 3.0
[3480963, -3480997] 7.0
[3480809, -3480831] 9.0
[3480809, -3480828] 16.0
[3480809, -3481082] 5.5
[3480809, -3481093] 1.0
[3480809, -3481090] 1.0
[3480809, -3481104] 16.0
[3480809, -3480848] 2.0
[3480809, -3480846] 0.8806250000000001
[3480809, -3480844] 2.0
[3480809, -3480855] 4.0
[3480809, -3481111] 1.0
[3480809, -3480856] 4.0
[3480809, -3480853] 7.45
[3480809, -3480850] 1.0
[3480809, -3480864] 3.0
[3480809, -3480862] 3.755000000000001
[3480809, -3480859] 5.75
[3480809, -3481115] 2.0
[3480809, -3480860] 16.235000000000003
[3480809, -3480857] 20.85
[3480809, 3481171] 1.0
[3480809, -3480867] 2.0
[3480809, 3480918] 1.0
[3480809, -3481378] 1.0
[3480809, -3480879] 12.3
[3480809, -3481391] 1.0
[3480809, -3480876] 1.0
[3480809, -3480887] 5.4725
[3480809, -3480888] 1.0
[3480809, 3480930] 4.0
[3480809, -3480885] 1.0
[3480809, 3480929] 1.0
[3480809, -3480883] 5.0
[3480809, -3481139] 3.0
[3480809, -3480884] 1.0
[3480809, -3480881] 8.0
