[]
[1049938, 1614186, 5075, 2291382, 2901451, 9883, 1775895, 1850608, 1510218]
[730935]
[4295829, -4295838] 0.75
[] 1.0
[4295829, -4295837] 21.200000000000003
[-4295837, 4295826] 1.0
[4295829, -4295840] 6.0
[-4295833, 4295833] 5.3500000000000005
[4295829, -4295839] 1.0
[-4295837, 4295828] 0.1
[-4295850, 4295850] 1.55
[-4295841, 4295826] 1.0
[4295829, -4295841] 3.6
[-4295841, 4295828] 0.35000000000000003
[4295829, -4295843] 0.15000000000000002
[-4295837, 4295834] 5.0
[4295829, -4295850] 7.95
[-4295841, 4295837] 7.0
[4295856] 1.0
[-4295841, 4295836] 2.0
[-4295850, 4295829] 0.45
[4295859] 1.0
[4295829, -4295826] 4.0
[4295829, -4295828] 833.85
[-4295826, 4295859] 2.0
[4295856, 4295829] 0.05
[4295829, -4295827] 1.0
[-4295829, 4295827] 1.0
[4295856, 4295831] 1.0
[4295829, -4295829] 284.5
[-4295829, 4295829] 1.55
[-4295829, 4295831] 1.0
[4295829, -4295833] 0.05
[-4295833, 4295829] 1.0
[-4295841, 4295855] 3.0
[-4295837, 4295859] 1.0
[-4295837, 4295858] 1.0
[-4295841, 4295859] 1.0
[-4295840, 4295828] 5.0
[-4295841, 4295858] 2.0
[-4295840, 4295837] 2.0
[-4295841, 4295841] 0.05
[-4295826] 21.0
[-4295841, 4295840] 4.0
[-4295837, 4295844] 0.05
[-4295829] 35.15
[-4295837, 4295847] 1.0
[4295829, -4295860] 3.2
[-4295841, 4295844] 3.0
[-4295841, 4295847] 3.0
[-4295829, 4295859] 20.0
[-4295833] 1.0
[-4295837, 4295851] 2.0
[-4295841, 4295851] 1.0
[-4295837] 52.0
[-4295841] 0.55
[-4295829, -4295847] 1.9000000000000001
[-4295850, -4295836] 0.6000000000000001
[-4295840] 3.0
[-4295829, -4295850] 0.15000000000000002
[4295829, 4295849] 9.0
[-4295829, -4295852] 1.2000000000000002
[4295829, 4295848] 1.0
[-4295829, -4295856] 1.0
[4295856, -4295850] 0.05
[-4295850] 0.25
[4295829, 4295856] 1.0
[4295829, 4295859] 1.0
[-4295841, -4295844] 3.0
[4295829, 4295829] 0.1
[4295856, -4295826] 1.0
[4295856, -4295829] 1.35
[4295829, 4295831] 3.0
[-4295837, -4295844] 0.1
[4295829, 4295835] 2.0
[-4295829, -4295837] 5.300000000000001
[-4295829, -4295840] 0.45
[4295829, 4295836] 7.550000000000001
[-4295829, -4295839] 1.0
[4295856, -4295837] 1.85
[4295829, 4295838] 0.4
[-4295840, 4295851] 1.0
[4295829, 4295843] 0.15000000000000002
[4295856, -4295840] 0.15000000000000002
[-4295826, 4295837] 13.0
[-4295829, -4295826] 2.0
[-4295826, 4295847] 1.0
[-4295833, -4295829] 13.0
[-4295829, -4295827] 0.2
[4295829, 4295827] 2.0
[-4295826, 4295851] 2.0
[-4295829, -4295829] 3.85
[-4295833, -4295833] 4.55
[4295856, 4295859] 1.0
[4295829] 0.15000000000000002
[-4295826, 4295828] 0.1
