[]
[527737, 337905, 1736830, 1360195, 2481497, 1562906, 563013, 1978547, 1386026]
[3408291]
[] 0.05
[4295854, -4295847] 0.0015000000000000005
[4295854, -4295852] 8.750000000000001E-4
[4295854, -4295855] 0.005606250000000001
[4295851] 0.05
[4295854, -4295854] 0.019250000000000003
[4295854] 0.05
[4295855] 0.005000000000000001
[4295858] 0.05
[4295855, 4295859] 0.05
[4295828, -4295860] 0.019581250000000005
[4295854, 4295827] 0.030000000000000006
[4295854, 4295829] 0.0075000000000000015
[4295828, -4295839] 0.0075000000000000015
[4295828, 4295843] 6.250000000000001E-4
[4295828, -4295838] 0.014500000000000002
[4295828, -4295841] 8.687500000000002E-4
[4295828, -4295840] 0.004193750000000001
[4295828, -4295843] 6.250000000000001E-4
[4295828, 4295848] 0.005000000000000001
[4295851, -4295851] 0.5162853125000002
[4295855, -4295847] 0.0018750000000000004
[4295828, 4295849] 0.1
[4295855, -4295852] 8.750000000000001E-4
[4295855, -4295854] 0.09262500000000001
[4295828, 4295856] 0.005000000000000001
[4295828, -4295850] 0.0019250000000000005
[4295855, -4295855] 0.014918750000000003
[4295828, 4295827] 0.065
[4295828] 0.005000000000000001
[4295858, -4295858] 0.0030937500000000006
[4295828, -4295827] 0.0325
[4295855, 4295827] 0.04250000000000001
[4295828, -4295826] 0.020000000000000004
[4295828, 4295831] 0.020000000000000004
[4295828, -4295829] 0.05584187500000002
[4295855, 4295829] 0.010000000000000002
[4295828, -4295828] 0.12923187500000008
[4295854, 4295859] 0.05
[4295828, 4295836] 0.016475000000000004
[4295828, 4295835] 0.1
[4295828, -4295833] 0.05
[4295828, 4295838] 0.015000000000000003
[4295828, -4295837] 0.0017081250000000004
