[]
[630840, 262901, 1911711, 2434480, 1052550, 2241374, 834177, 2118623, 3192767]
[755920]
[] 1.0
[3480974, 3481007] 1.0
[3480813, -3480887] 5.4725
[3480813, -3480888] 1.0
[3480813, -3480885] 1.0
[3480813, 3480881] 0.5
[3480974, -3481012] 0.09000000000000001
[3480813, 3480884] 1.0
[3480974, -3481025] 0.5
[3480813, -3480895] 5.0
[3480974, -3481020] 0.05
[3480813, -3480894] 0.17537500000000003
[3480813, -3480906] 2.0
[3480813, -3480903] 1.5
[3480813, -3480902] 1.25
[3480974, 3481025] 1.0
[3480813, -3480916] 1.1
[3480821] 1.0
[3480813, -3481180] 2.0
[3480974, 3480974] 2.0
[3480813, -3481434] 1.0
[3480813, -3480922] 1.0
[3480813, -3480919] 0.2
[3480813, -3480920] 0.2
[3480813, 3480850] 2.0
[3480974, -3481047] 1.35
[3480813, -3480917] 3.0
[3480813, -3480918] 1.0
[3480813, -3480931] 0.11225000000000003
[3480813, -3480932] 2.7125000000000004
[3480974, -3480808] 1.0
[3480813, -3480933] 0.002045000000000001
[3480813, -3480934] 0.555
[3480813] 0.1
[3480813, -3481199] 3.0
[3480974, -3481071] 2.0
[3480813, -3480828] 0.75
[3480813, -3481082] 5.5
[3480974, 3480813] 0.25
[3480813, -3480824] 3.1
[3480813, -3480822] 1.9000000000000001
[3480974, -3480962] 0.30000000000000004
[3480813, -3480833] 1.0
[3480813, -3481090] 1.0
[3480974, 3480821] 0.30000000000000004
[3480813, -3480831] 0.45
[3480813, -3480844] 2.0
[3480974, 3480831] 1.0
[3480974, -3480971] 1.0
[3480813, -3481093] 1.0
[3480813, -3480850] 1.0
[3480974, -3480974] 1.0
[3480813, -3481104] 0.9
[3480813, -3480848] 2.0
[3480813, -3480846] 0.0022665625000000008
[3480813, -3480859] 0.385
[3480813, -3481115] 2.0
[3480813, -3480860] 0.81325
[3480813, -3480857] 1.0925
[3480813, -3480855] 4.0
[3480813, -3481111] 1.0
[3480813, 3481171] 1.0
[3480813, -3480856] 4.0
[3480813, -3480853] 0.4675
[3480813, -3480867] 2.0
[3480813, 3480918] 1.0
[3480813, -3481378] 1.0
[3480813, 3480923] 1.0
[3480813, -3480864] 5.0
[3480813, -3480862] 3.765
[3480813, -3480876] 1.0
[3480813, 3480930] 4.0
[3480813, 3480929] 1.0
[3480974, -3480996] 4.0
[3480813, -3480883] 5.0
[3480813, -3481139] 0.15000000000000002
[3480813, -3480881] 0.4
[3480813, -3480879] 0.6125
[3480813, -3481391] 1.0
[3480974, -3481004] 1.0
[3480974, -3480890] 3.0
[3480813, -3481018] 2.45
[3480813, -3481013] 1.0
[3480813, -3481014] 3.0
[3480974, 3480881] 2.0
[3480813, -3481027] 3.0
[3480813, -3481283] 0.25
[3480813, -3481284] 0.25
[3480813, -3481281] 1.0
[3480813, -3481024] 0.35000000000000003
[3480813, -3481022] 2.25
[3480813, -3481033] 0.2
[3480813, -3481031] 1.0
[3480813, -3481285] 0.25
[3480974] 8.0
[3480813, -3481041] 1.0
[3480974, -3480912] 2.0
[3480813, -3481042] 0.55
[3480813, -3481039] 1.0
[3480974, -3480910] 2.0
[3480813, -3481040] 0.55
[3480974, -3480911] 2.0
[3480813, -3481038] 2.4000000000000004
[3480813, -3481045] 4.0
[3480813, -3481046] 3.0
[3480813, -3481316] 2.0
[3480813, -3481312] 0.1
[-3480822, -3480836] 1.0
[3480813, -3480811] 0.017056250000000005
[3480974, -3480938] 1.0
[3480813, -3480812] 0.16534375
[3480813, -3480809] 0.007953125000000002
[3480813, -3480810] 0.03728125000000001
[3480974, -3480937] 1.35
[3480813, -3481063] 0.75
[3480813, -3480819] 0.0017382968750000003
[3480813, -3481076] 0.35000000000000003
[3480813, -3480813] 0.004044687500000002
[3480974, 3480874] 1.0
[3480813, -3481070] 0.008587500000000003
[3480813, -3480956] 2.0
[3480813, -3480953] 1.85
[3480813, -3481209] 3.0
[3480813, 3481324] 1.0
[3480813, 3480819] 0.05
[3480813, -3481207] 3.0
[3480974, -3480822] 0.035
[3480813, 3480823] 1.0
[3480813, -3480963] 3.0
[3480813, -3481220] 1.0
[3480813, -3480962] 1.3
[3480974, -3480831] 0.35000000000000003
[3480813, 3480824] 0.1
[3480813, 3480831] 1.0
[3480813, -3480971] 2.0
[3480813, -3481227] 4.0
[3480974, 3480958] 0.5
[3480813, -3480979] 3.1850000000000005
[3480974, -3481105] 0.25
[3480974, 3480972] 0.65
[3480974, 3480971] 0.75
[3480974, 3480910] 0.05
[-3480822] 1.0
[3480974, -3480852] 0.30000000000000004
[3480813, -3481238] 2.0
[3480974, -3480874] 0.75
[3480813, -3481002] 0.5300000000000001
[3480974, 3480932] 0.1
[-3480822, -3480910] 1.0
[3480974, -3480868] 0.05
[3480974, 3480935] 5.0
[3480813, -3481265] 0.4
[3480974, 3480934] 4.0
[3480813, -3481266] 0.6000000000000001
[3480974, 3480933] 0.05
[3480813, -3481007] 1.0
[3480813, -3481261] 1.0
[3480813, -3481006] 0.55
