[]
[239571, 1739899, 572011, 4202933, 51701, 1016856, 422492, 1731105, 550933]
[39790]
[4295829, -4295838] 5.65
[] 1.0
[-4295827, -4295845] 2.0
[4295829, -4295837] 22.9875
[4295829, -4295840] 13.1475
[4295829, -4295839] 0.35000000000000003
[4295829, -4295841] 6.677500000000001
[4295829, -4295843] 0.15000000000000002
[4295829, -4295850] 0.7925000000000001
[-4295827, -4295857] 1.0
[4295827, 4295829] 0.005000000000000001
[4295859] 1.0
[4295829, -4295826] 0.0175
[4295829, -4295828] 981.3925000000002
[4295829, -4295827] 0.7000000000000001
[4295829, -4295829] 450.11000000000007
[4295829, -4295833] 2.0
[-4295827, -4295844] 1.0
[-4295827] 13.0
[4295829, -4295856] 0.05
[4295829, -4295860] 12.877500000000001
[-4295827, 4295837] 0.45
[4295827, -4295839] 1.0
[-4295827, 4295839] 0.55
[4295829, 4295849] 2.0
[4295829, 4295848] 1.0
[-4295852, 4295847] 1.0
[-4295847] 3.0
[-4295827, 4295845] 2.0
[-4295852, 4295852] 0.8500000000000001
[-4295827, 4295844] 1.0
[-4295852, 4295851] 1.0
[-4295827, 4295847] 0.35000000000000003
[4295829, 4295856] 0.15000000000000002
[-4295847, 4295828] 0.2
[-4295852] 3.0
[-4295827, 4295851] 2.0
[4295829, 4295859] 1.0
[4295829, 4295829] 0.35000000000000003
[-4295852, 4295828] 0.2
[4295829, 4295831] 0.4
[-4295827, 4295827] 0.75
[4295829, 4295835] 2.0
[-4295827, 4295828] 0.35000000000000003
[4295829, 4295836] 6.1725
[4295829, 4295838] 0.30000000000000004
[-4295852, 4295837] 0.15000000000000002
[4295829, 4295843] 0.15000000000000002
[-4295827, 4295834] 1.5
[-4295847, 4295851] 1.0
[-4295847, 4295852] 0.8500000000000001
[4295829, 4295827] 1.85
[-4295827, 4295852] 0.5
[-4295827, 4295855] 4.0
[4295827] 1.0
[-4295827, 4295857] 1.0
[-4295847, 4295837] 0.15000000000000002
[4295829] 0.0075000000000000015
[-4295827, 4295859] 1.0
[-4295827, 4295858] 0.35000000000000003
[-4295827, 4295860] 0.1
[-4295847, 4295847] 1.0
