[]
[796221, 2480007, 2154883, 2625787, 531244, 945547, 2146182, 307375, 1888947]
[911745]
[] 1.0
[-3480835, -3480839] 2.0
[3480809, -3481024] 3.0
[3480809, -3480894] 2.15
[3480809, -3481022] 3.0
[3480809, -3481018] 7.0
[3480809, 3480881] 1.0
[3480809, -3480902] 42.0
[-3480834, 3480915] 2.0
[3480809, -3481039] 3.0
[-3480835, 3480819] 1.0
[-3480835, 3480944] 3.0
[3480809, -3481033] 1.85
[3480809, -3481034] 1.0
[3480809, -3480919] 1.5
[3480809, -3481045] 1.0
[3480809, -3480916] 41.0
[3480809, -3481041] 3.0
[-3480834, -3480839] 4.0
[-3480835, 3480834] 4.0
[-3480835, 3480835] 54.0
[3480809, -3480922] 4.0
[3480809, -3480933] 1.0
[3480809, -3480934] 1.3
[-3480835, 3480838] 7.0
[3480809, -3480931] 1.9000000000000001
[3480809, -3480932] 8.0
[-3480835, 3480836] 4.0
[3480809, -3480929] 0.1
[-3480835, 3480837] 6.0
[-3480834, 3480819] 1.0
[-3480835, 3480850] 1.0
[-3480835, 3480851] 6.0
[3480809, -3480813] 20.85
[3480809, -3480811] 6.45
[3480809, -3480809] 44.5
[3480809, -3481207] 1.0
[3480809, -3480824] 154.15
[3480809, -3480822] 1.0
[-3480838, 3480819] 1.0
[3480809, -3480819] 5.2
[3480809] 1.0
[3480809, -3480945] 1.0
[-3480834, 3480835] 53.0
[3480809, -3480831] 1.0
[-3480834, 3480836] 3.0
[3480809, -3480828] 1.7000000000000002
[-3480838, 3480837] 3.0
[-3480838, 3480835] 21.0
[3480809, 3480823] 1.0
[-3480838, 3480836] 3.0
[-3480834, 3480837] 3.0
[3480809, 3480821] 1.0
[-3480834, 3480838] 3.0
[3480809, -3480962] 2.0
[-3480834, 3480851] 0.35000000000000003
[3480809, -3481101] 1.0
[-3480838] 0.8
[-3480834, 3480850] 1.0
[3480809, -3480846] 7.65
[3480809, 3480824] 1.0
[-3480835] 0.9500000000000001
[-3480834] 1.35
[3480809, -3480855] 3.0
[3480809, -3480853] 2.0
[-3480838, 3480851] 6.0
[-3480838, -3480839] 3.0
[-3480838, 3480850] 1.0
[3480809, -3480850] 1.0
[3480809, -3480862] 10.0
[3480809, -3480859] 25.0
[3480809, -3480860] 2.45
[3480809, -3480857] 1.0
[3480809, 3481171] 1.0
[3480809, -3480867] 1.0
[3480809, 3480923] 3.0
[-3480835, 3480915] 3.0
[3480809, -3481002] 22.0
[3480809, -3480887] 1.0
[3480809, -3481014] 2.0
[3480809, -3480883] 24.55
[3480809, -3480881] 12.0
