[]
[20240, 239571, 2076588, 2291382, 1066986, 20491, 216766, 691751, 373723]
[788571]
[-4295837, 4295827] 1.1
[] 1.0
[-4295837, 4295826] 0.55
[-4295839, -4295857] 1.0
[-4295837, 4295828] 0.13250000000000003
[-4295829, 4295839] 1.25
[-4295837, 4295830] 1.3
[-4295837, 4295832] 5.300000000000001
[-4295837, 4295834] 2.4150000000000005
[-4295829, 4295847] 2.0
[-4295837, 4295839] 2.3125
[-4295837, 4295841] 0.030000000000000006
[-4295837, 4295840] 0.034375
[4295827, 4295829] 0.05
[-4295839, -4295844] 1.0
[-4295839, -4295845] 2.0
[-4295829, 4295827] 1.75
[-4295829, 4295829] 0.030000000000000006
[-4295829, 4295833] 3.1
[-4295837, 4295859] 6.800000000000001
[-4295837, 4295858] 6.1000000000000005
[-4295837, 4295861] 0.7000000000000001
[-4295837, 4295860] 0.215
[-4295837, 4295862] 1.0
[-4295829, 4295850] 0.6000000000000001
[-4295837, 4295842] 7.050000000000001
[-4295837, 4295845] 2.25
[-4295826] 15.0
[-4295837, 4295844] 0.20500000000000004
[-4295829] 0.005062500000000001
[-4295837, 4295847] 0.038000000000000006
[-4295837, 4295846] 1.0
[-4295829, 4295859] 0.65
[-4295837, 4295851] 2.0
[-4295829, 4295858] 1.0
[-4295837, 4295853] 0.52
[-4295837, 4295852] 4.15
[-4295837] 0.008912500000000002
[-4295837, 4295855] 0.40750000000000003
[-4295837, 4295854] 0.14750000000000002
[-4295837, 4295857] 2.5500000000000003
[-4295839] 2.0
[-4295850, -4295836] 4.0
[-4295840, 4295855] 1.9500000000000002
[-4295850, -4295839] 1.0
[-4295840, 4295858] 1.55
[-4295840, 4295857] 0.09750000000000002
[-4295839, 4295826] 4.0
[4295829, 4295849] 2.0
[-4295840, 4295860] 0.022500000000000003
[4295829, 4295848] 3.0
[-4295840, 4295859] 1.0
[-4295839, 4295828] 0.022500000000000003
[-4295840, 4295862] 1.0
[-4295840, 4295861] 0.4
[-4295839, 4295837] 2.0
[4295829, 4295856] 4.0
[4295829, 4295859] 1.0
[-4295839, 4295839] 1.0
[4295829, 4295829] 0.0075000000000000015
[-4295840, 4295839] 0.09750000000000002
[4295829, 4295831] 7.0
[-4295840, 4295842] 1.0
[-4295840, 4295841] 0.010000000000000002
[-4295840, 4295844] 0.6000000000000001
[4295827, -4295827] 1.0
[4295829, 4295835] 2.0
[-4295840, 4295846] 2.0
[4295827, -4295829] 0.05
[-4295840, 4295845] 0.7000000000000001
[4295829, 4295836] 7.0200000000000005
[-4295840, 4295847] 0.11750000000000001
[4295829, 4295838] 0.30000000000000004
[-4295840, 4295852] 0.9500000000000001
[-4295840, 4295851] 2.0
[4295829, 4295843] 3.0
[-4295840, 4295854] 0.5
[-4295840, -4295861] 0.9
[-4295839, 4295858] 1.0
[4295829, 4295827] 1.25
[-4295839, 4295841] 0.05
[-4295839, 4295840] 2.0
[-4295840, -4295845] 5.0
[-4295840, -4295844] 0.6000000000000001
[-4295839, 4295844] 1.0
[-4295839, 4295851] 1.0
[-4295840, -4295857] 1.0
[4295829, -4295838] 5.65
[4295829, -4295837] 0.028856250000000007
[4295829, -4295840] 0.083125
[4295829, -4295839] 3.0
[-4295850, 4295850] 0.015000000000000003
[4295829, -4295841] 6.777500000000001
[4295829, -4295843] 3.0
[4295829, -4295846] 1.0
[-4295860, -4295857] 1.0
[4295829, -4295850] 0.54
[-4295860, -4295861] 1.2000000000000002
[-4295850, 4295829] 2.0
[-4295826, 4295855] 0.4
[4295859] 1.0
[-4295826, 4295858] 3.0
[4295829, -4295826] 4.0
[-4295826, 4295860] 0.2
[4295829, -4295828] 0.12267656250000003
[-4295826, 4295859] 0.25
[4295829, -4295827] 0.65
[4295829, -4295829] 0.054959687500000014
[4295829, -4295833] 1.0
[-4295860, -4295845] 0.1
[-4295860, -4295844] 0.35000000000000003
[-4295840, 4295826] 2.0
[-4295840, 4295828] 0.08500000000000002
[-4295840, 4295827] 1.75
[-4295840, 4295830] 0.2
[-4295840, 4295834] 0.8
[-4295840, 4295837] 0.52
[4295829, -4295860] 0.019456250000000005
[-4295829, -4295847] 0.12637500000000002
[-4295840] 0.043875000000000004
[-4295829, -4295850] 1.0
[-4295860, 4295837] 1.55
[-4295837, -4295857] 0.20500000000000004
[-4295860, 4295840] 0.4
[-4295829, -4295852] 0.6875
[-4295860, 4295839] 0.65
[-4295829, -4295854] 0.37000000000000005
[-4295829, -4295853] 2.0
[-4295837, -4295861] 1.35
[-4295860, 4295844] 0.30000000000000004
[-4295829, -4295855] 0.07412500000000001
[-4295860, 4295845] 3.0
[-4295850] 8.0
[-4295829, -4295860] 0.6000000000000001
[-4295860, 4295847] 2.0
[-4295829, -4295834] 1.2000000000000002
[-4295829, -4295833] 1.9000000000000001
[-4295829, -4295836] 4.0
[-4295837, -4295844] 0.20750000000000002
[-4295860] 0.1925
[-4295860, 4295826] 0.05
[-4295829, -4295837] 1.85
[-4295837, -4295845] 0.05750000000000001
[-4295860, 4295828] 0.0325
[-4295829, -4295840] 0.75
[-4295829, -4295839] 4.55
[-4295829, -4295842] 2.0
[-4295826, 4295837] 7.0
[-4295826, 4295840] 1.0
[-4295826, 4295839] 1.0
[-4295829, -4295826] 4.0
[-4295826, 4295847] 3.0
[-4295829, -4295827] 0.1075
[-4295826, 4295851] 2.0
[-4295829, -4295829] 1.195
[-4295860, 4295851] 2.0
[-4295860, 4295854] 0.45
[4295827] 1.0
[-4295826, 4295826] 0.1
[-4295860, 4295855] 0.11500000000000002
[4295829] 0.015000000000000003
[-4295826, 4295828] 0.25
[-4295860, 4295858] 0.8
[-4295860, 4295857] 4.0
[-4295860, 4295860] 0.0125
[-4295860, 4295859] 0.75
[-4295860, 4295861] 0.7000000000000001
