[]
[1579416, 1861560, 1907701, 681, 1315823, 525667, 2065250, 2047409, 1839762]
[2633107]
[] 1.0
[3480855] 1.0
[-3481071, 3480821] 1.0
[3480846, -3480887] 1.0
[3480846, 3480881] 5.0
[3480809, -3481018] 1.0
[3480846, -3480894] 0.6000000000000001
[3480827, -3480827] 4.5
[3480846, -3480902] 0.2
[3480827, 3481233] 1.0
[3480846, -3480903] 1.6
[3480846] 0.1
[3480809, -3481045] 1.0
[3480809, -3481046] 1.0
[3480963, -3480963] 30.0
[3480963, -3480962] 2.0
[3480846, -3480916] 0.25
[3480809, -3481063] 1.0
[3480809, -3481319] 0.1
[3480846, -3480931] 0.30000000000000004
[-3481065, -3480852] 1.0
[3480827] 1.0
[3480855, -3480962] 1.0
[3480809, -3480813] 0.38000000000000006
[3480846, -3480934] 5.0
[3480809, -3480811] 0.6000000000000001
[3480846, -3480932] 3.0
[3480809, -3480809] 0.9300000000000002
[3480827, -3480855] 1.0
[3480809, -3480824] 1.0
[-3481065, 3480949] 6.0
[3480809, -3480819] 1.1500000000000001
[3480809] 2.0
[3480809, -3481076] 1.0
[3480827, -3480864] 1.0
[3480846, -3480824] 1.0
[3480846, -3481076] 1.0
[3480963, -3480864] 1.0
[3480809, 3480819] 1.0
[-3481065, -3480949] 0.5
[3480855, -3480855] 1.2000000000000002
[3480962, -3481100] 1.0
[3480962, -3480844] 1.0
[3480846, -3480828] 0.2
[3480809, -3480962] 1.0
[3480962, -3481111] 1.0
[-3481071, -3481027] 1.0
[-3481071, 3481027] 1.0
[3480827, 3481044] 2.0
[3480809, -3481238] 1.0
[3480846, -3480846] 0.455
[3480809, -3480978] 1.0
[3480846, -3480859] 0.6000000000000001
[3480846, -3480857] 1.0
[3480846, -3480853] 2.0
[3480846, -3480867] 0.25
[3480827, -3481044] 4.0
[3480846, -3480862] 2.9000000000000004
[3480846, -3480860] 0.9
[3480846, -3481383] 1.0
[3480809, -3481002] 0.7000000000000001
[3480846, -3481139] 3.0
[3480846, -3480883] 0.30250000000000005
[3480846, -3480881] 0.75
[3480846, -3480879] 5.0
[-3481065, 3480881] 1.0
[3480827, 3481014] 1.0
[3480846, -3481018] 1.0
[3480809, -3480894] 0.5
[3480827, 3480831] 1.0
[3480809, -3480903] 1.5
[3480846, -3481024] 3.0
[3480809, 3480881] 1.0
[3480809, -3480902] 0.2
[3480846, -3481022] 3.0
[3480963, -3480822] 2.2
[3480962] 2.0
[3480963] 1.0
[3480846, -3481042] 0.1
[3480846, -3481040] 0.1
[3480963, -3480825] 0.65
[3480809, -3480916] 0.25
[3480846, -3481046] 2.0
[3480846, -3481045] 1.0
[3480809, -3480934] 3.0
[3480809, -3480931] 0.30000000000000004
[3480809, -3480932] 3.0
[3480846, -3480811] 0.8
[3480846, -3480809] 1.0425000000000002
[3480846, -3481063] 1.0
[3480846, -3481319] 0.1
[-3481065, 3481065] 1.2000000000000002
[-3481065, 3480809] 1.0
[3480827, 3480821] 1.0
[3480846, -3480819] 1.1500000000000001
[3480827, 3480819] 1.0
[3480827, 3481081] 1.0
[3480846, -3480813] 0.4175
[3480962, -3480962] 2.0
[3480962, -3480963] 5.0
[3480846, 3480819] 1.0
[3480809, -3480828] 0.1
[3480846, -3480962] 1.0
[3480827, 3481156] 1.0
[3480846, -3480957] 1.0
[3480809, -3480846] 0.35750000000000004
[3480846, -3480978] 1.0
[3480809, -3480853] 2.0
[3480855, 3480821] 1.0
[3480855, 3480819] 1.0
[3480827, 3480859] 0.25
[3480962, -3480997] 2.0
[3480809, -3480862] 2.9000000000000004
[3480846, -3481238] 1.0
[3480809, -3480859] 3.0
[3480809, -3480860] 0.7000000000000001
[3480809, -3480857] 1.0
[3480809, -3481383] 1.0
[3480809, -3480867] 0.15000000000000002
[3480846, -3481002] 0.7000000000000001
[3480809, -3480879] 3.0
[3480809, -3480887] 1.0
[-3481071] 1.0
[3480809, -3480883] 0.30250000000000005
[3480809, -3481139] 2.0
[-3481065] 1.0
[-3481065, -3481065] 1.0
[3480809, -3480881] 0.5
