[]
[11412, 1618494, 2380620, 2613278, 1337326, 3239693, 2654469, 1190829, 1263]
[2633051]
[] 1.0
[-3480813, -3481013] 1.0
[-3480813, -3481011] 1.0
[-3481033, 3480919] 0.05
[3480824, -3480984] 3.0
[-3480934, 3480935] 11.0
[-3481046, 3480821] 1.0
[-3480934, 3480933] 1.0
[3480889, 3480846] 0.1
[-3481046, -3480976] 1.0
[3480881, -3481227] 2.0
[3480824, 3480821] 1.0
[3480824, 3480819] 1.0
[3480824, -3481006] 4.0
[-3480809, -3481100] 1.0
[3480824, -3481007] 1.0
[-3480920, 3481033] 1.0
[3480824, -3481002] 4.0
[-3480879, -3480988] 0.35000000000000003
[3480824, -3481013] 1.0
[-3480809, -3481113] 1.0
[-3480813, -3480988] 5.0
[-3480809, -3481112] 1.0
[3480824, -3481011] 3.0
[3480824, -3481024] 1.7000000000000002
[-3480846, 3480808] 2.0
[3480889, 3480809] 1.0
[3480824, -3481022] 1.3
[3480824, -3481018] 0.65
[3480824, -3481033] 1.0
[-3480846, 3480811] 0.4
[-3480846, 3480812] 1.0
[-3480813, 3480813] 0.2
[-3480846, 3480809] 1.25
[3480881, -3481139] 1.1
[3480824, -3480919] 1.4500000000000002
[3480824, -3480916] 2.7
[-3480853, -3480868] 2.0
[3480824, 3480867] 0.05
[3480824, -3480926] 1.0
[3480824, 3480881] 7.0
[3480824, -3480934] 3.8000000000000003
[3480824, -3480932] 1.8
[-3480932, 3480821] 1.0
[3480824, -3480933] 2.0
[3480824, 3480885] 1.0
[3480824, 3480884] 0.1
[3480824, -3480931] 0.14
[3480824, 3480883] 0.05
[-3480813, -3481046] 0.1
[-3480853, 3480952] 1.0
[-3480813, -3481047] 1.0
[-3480809, 3481118] 1.0
[-3480934, 3480910] 1.0
[-3480813, -3481055] 0.05
[3480824, 3480850] 2.0
[3480824, -3480962] 1.0
[-3480853, 3480846] 0.25
[3480824, -3480846] 0.07075000000000001
[-3480853, 3480856] 2.0
[3480824, -3480856] 1.0
[-3480811, -3480952] 1.0
[3480824, -3480857] 8.05
[-3480853, 3480854] 1.0
[-3480862, 3481134] 1.0
[3480824, -3480855] 1.0
[-3480853, 3480853] 0.1
[3480824, -3480853] 1.7000000000000002
[-3480862, 3481143] 1.0
[3480824, -3480862] 11.0
[-3480934, 3480813] 1.0
[3480824, -3480860] 0.795
[-3480859, -3481011] 1.0
[-3480859, 3481044] 1.0
[3480824, -3480859] 0.5125000000000001
[3480881, -3481104] 1.0
[-3480934, 3480821] 2.0
[-3480860, 3481088] 1.0
[-3480859, 3481057] 0.05
[-3480859, -3481013] 1.0
[-3480853, 3480868] 4.0
[-3480934, 3480819] 1.0
[-3480813, -3480910] 1.0
[3480824, -3480867] 1.25
[-3480934, 3480831] 3.0
[3480824, -3480881] 0.32000000000000006
[-3480811, -3480910] 1.0
[3480824, -3480879] 0.9500000000000001
[3480881, 3480918] 1.0
[3480824, -3480887] 2.0
[-3481046, -3480807] 1.5
[3480824, -3480883] 1.8475000000000001
[3480824, -3480894] 4.05
[-3480813, -3480868] 1.0
[-3480920, 3480920] 3.0
[-3480846, -3480868] 0.0175
[-3480813, -3480867] 2.0
[3480824, -3480902] 1.0
[3480824, -3480903] 1.7000000000000002
[-3480859, -3480988] 0.35000000000000003
[-3480853] 0.35000000000000003
[-3480860, -3481025] 1.0
[3480881, -3481013] 1.0
[3480881, -3481011] 3.0
[-3480859, -3481057] 1.0
[3480881, -3481024] 1.7000000000000002
[-3480860] 0.2
[3480881, -3481022] 1.3
[-3480862] 1.0
[-3480859] 0.04250000000000001
[3480881, -3481018] 0.65
[-3480809, -3481088] 1.0
[3480881, -3481039] 0.05
[-3480853, 3480809] 0.55
[3480881, -3481040] 0.1
[3480824, -3480809] 0.09087500000000001
[-3480846] 0.052500000000000005
[3480881, -3481033] 1.0
[-3480859, 3480988] 0.35000000000000003
[-3480811, 3481037] 2.0
[3480881, -3481045] 3.0
[-3480813, -3480912] 1.0
[3480881, -3481046] 7.0
[-3480859, 3480998] 3.0
[3480824, -3480813] 4.6000000000000005
[3480881, -3481041] 0.05
[-3480853, 3480811] 0.55
[3480881, -3481042] 0.1
[3480824, -3480811] 0.036000000000000004
[3480881, -3481055] 2.0
[3480824, -3480824] 3.315
[3480824, -3480822] 5.0
[-3480859, 3481006] 1.0
[-3480824] 1.0
[3480824, -3480819] 3.75
[-3480859, 3481005] 1.0
[3480881, -3481063] 1.1
[-3481046, -3480872] 2.0
[3480824, -3480831] 1.0
[3480824, -3480828] 0.47500000000000003
[-3480811, 3481063] 2.0
[-3480853, 3480826] 2.0
[3480824, -3481338] 1.0
[-3480813] 29.0
[-3481046, -3480881] 1.0
[-3480809] 1.4000000000000001
[-3480809, -3481065] 5.0
[-3480811] 0.07
[3480881, 3480819] 1.0
[-3480859, -3480864] 1.0
[-3480919] 1.0
[-3480811, 3480952] 1.0
[3480824, -3481227] 2.0
[-3480859, -3480872] 1.0
[-3480809, 3480900] 2.0
[-3480813, 3481025] 1.0
[-3480809, 3480899] 0.7000000000000001
[-3480920] 1.0
[-3480859, -3480874] 1.0
[-3480860, -3480849] 7.0
[3480881, -3480962] 1.0
[-3480859, -3480881] 1.0
[3480821] 1.0
[3480881, -3480984] 3.0
[-3480809, 3480925] 1.0
[3480824] 0.1
[-3480809, -3480849] 2.0
[-3480859, -3480840] 1.0
[-3480809, -3480852] 2.0
[-3480894] 5.0
[-3480824, 3480889] 1.0
[3480881, -3481007] 1.0
[-3480809, -3480870] 2.0
[-3480879] 0.65
[-3480809, -3480868] 0.2
[3480881, -3481006] 1.0
[3480881, -3481002] 4.0
[-3480809, -3480871] 2.0
[3480881, -3480887] 2.0
[-3481046, 3481008] 1.0
[-3480809, -3480941] 1.0
[3480881, 3480881] 7.0
[-3480860, 3480871] 1.0
[-3480809, 3480826] 2.0
[-3480809, 3480827] 0.35000000000000003
[3480881, -3480883] 1.8475000000000001
[-3480813, -3480822] 1.0
[-3480860, 3480870] 1.0
[3480881, -3480881] 0.32000000000000006
[-3480809, 3480822] 3.0
[3480881, 3480884] 1.0
[-3480894, -3480874] 2.0
[-3480860, 3480882] 1.0
[3480881, -3480894] 4.05
[-3481046, 3481009] 1.0
[3480881, -3480903] 1.7000000000000002
[-3480846, -3480835] 24.0
[-3480809, 3480844] 8.0
[-3480859, 3480859] 0.1
[-3480811, 3480904] 3.0
[3480881, -3480902] 1.0
[-3480809, 3480840] 1.0
[-3480809, 3480841] 4.0
[-3480813, 3480976] 3.0
[-3480811, 3480914] 1.0
[-3480859, 3480867] 1.0
[-3480813, 3480972] 1.0
[-3480809, 3480846] 0.15000000000000002
[-3480813, 3480971] 2.0
[3480881, -3480919] 1.4500000000000002
[-3480859, 3480874] 0.2
[-3480809, 3480860] 1.0
[3480881, 3480850] 2.0
[-3480894, 3480931] 1.0
[3480881] 0.05
[3480881, -3480916] 2.7
[-3480809, 3480854] 1.0
[-3480809, 3480855] 3.0
[-3480809, 3480868] 2.0
[-3480859, 3480883] 0.05
[-3480860, -3480871] 3.0
[-3480879, 3480988] 0.35000000000000003
[-3481046, 3481046] 1.0
[3480881, -3480926] 1.0
[-3480860, -3480870] 3.0
[-3480859, 3480878] 2.0
[-3480813, 3480988] 5.0
[3480889] 1.0
[-3480859, 3480879] 0.25
[-3480809, 3480865] 1.0
[-3480860, -3480874] 1.0
[-3480859, 3480877] 4.0
[-3480860, -3480881] 1.0
[-3480879, 3480998] 3.0
[-3480932] 1.0
[3480881, -3480933] 2.0
[3480881, -3480934] 3.8000000000000003
[-3480934] 4.0
[3480881, -3480931] 0.1375
[-3480811, -3480868] 0.045000000000000005
[3480881, -3480932] 1.8
[-3480824, 3480823] 1.0
[-3480809, 3480870] 2.0
[-3480824, 3480824] 0.1
[-3480809, 3480871] 2.0
[-3480934, 3481173] 3.0
[-3480824, 3480831] 1.0
[-3480813, -3480811] 2.0
[3480824, -3481104] 1.0
[-3480811, 3480826] 2.0
[3480881, -3480824] 3.315
[-3480811, 3480827] 0.6000000000000001
[-3481046] 1.0
[3480881, -3480822] 5.0
[-3480811, 3480825] 1.0
[3480881, -3480819] 3.75
[-3480811, 3480822] 1.0
[-3480811, 3480821] 1.0
[3480881, -3480831] 1.0
[-3480824, -3480809] 2.0
[3480881, -3480828] 0.47500000000000003
[3480881, -3481338] 1.0
[-3480824, -3480813] 4.0
[-3480824, -3480811] 0.5
[-3480860, 3480821] 4.0
[-3480860, 3480822] 2.0
[-3480846, 3480900] 1.0
[-3480934, -3480988] 1.0
[3480881, -3480846] 0.070125
[-3481033] 2.0
[-3480811, 3480846] 0.4
[3480881, -3480855] 1.0
[-3480860, 3480841] 3.0
[3480881, -3480856] 1.0
[3480881, -3480853] 1.7000000000000002
[-3480811, 3480856] 5.0
[-3480811, 3480854] 4.0
[-3480811, 3480855] 2.0
[-3480846, 3480914] 1.0
[-3480811, 3480853] 0.2
[-3480859, 3480819] 1.0
[-3480813, 3480926] 1.0
[3480881, -3480862] 10.0
[3480881, -3480859] 0.5100000000000001
[3480881, -3480860] 0.79
[3480881, -3480857] 8.05
[-3480894, 3480874] 1.0
[3480824, -3481139] 1.1
[-3480860, 3480844] 4.0
[-3480809, 3480812] 1.0
[-3480813, 3480934] 0.1
[-3480809, 3480810] 1.0
[-3480813, 3480935] 3.0
[-3480809, 3480811] 0.1
[3480881, -3480867] 1.25
[-3480809, 3480808] 9.0
[-3480813, 3480933] 1.0
[-3480809, 3480809] 0.6000000000000001
[-3480811, 3480868] 0.05
[-3480859, 3480821] 0.7000000000000001
[-3480809, 3480807] 1.1
[3480881, -3480879] 0.8500000000000001
[-3480894, 3480895] 1.0
[-3480809, 3480820] 2.0
[-3480809, 3480821] 3.0
[-3480894, 3480894] 0.05
[-3480811, 3480881] 3.0
[3480824, 3480918] 1.0
[-3480859, 3480831] 1.0
[-3480860, 3480860] 0.05
[3480824, -3481040] 0.1
[-3481046, 3480880] 1.0
[3480824, -3481041] 0.05
[3480824, -3481039] 0.05
[-3480846, 3480822] 4.0
[-3480879, 3480821] 0.65
[-3480853, 3481037] 1.0
[-3480934, 3480988] 2.0
[-3480813, 3480821] 12.0
[-3481046, 3480874] 1.0
[-3480919, 3481033] 1.0
[-3480813, 3480819] 1.0
[-3480859, -3480807] 6.0
[3480824, -3481046] 7.0
[-3480932, 3480935] 1.0
[-3480934, 3480998] 1.0
[-3480813, 3480831] 3.0
[-3480846, 3480827] 0.4
[3480824, -3481045] 3.0
[-3480846, 3480828] 0.05
[3480824, -3481042] 0.1
[-3480846, 3480826] 2.0
[-3480809, 3481215] 1.0
[3480824, -3481055] 2.0
[-3480859, -3480820] 1.0
[-3480809, -3480834] 1.3
[-3480809, -3480838] 0.05
[-3480809, -3480836] 0.05
[3480824, -3481063] 1.1
[-3480846, 3480846] 0.1
[-3480809, -3480835] 0.45
[-3480859, -3480827] 0.7000000000000001
[-3480934, 3481012] 1.0
[-3480846, 3480856] 3.0
[-3480846, 3480853] 0.15000000000000002
[-3480846, 3480854] 3.0
[-3480846, 3480864] 1.0
[-3480813, 3480863] 1.0
[-3480879, 3480859] 0.35000000000000003
[-3480934, 3481025] 3.0
[-3480813, 3480859] 0.1
[-3480811, 3480811] 0.8
[-3480894, 3480821] 4.0
[-3480811, 3480809] 0.07750000000000001
[-3480846, 3480868] 0.022500000000000003
[-3480824, -3480846] 0.2
[-3480932, 3480972] 1.0
[-3480813, 3480867] 2.0
[-3480824, -3480853] 4.0
[-3480894, 3480831] 1.0
[-3480879, 3480878] 5.0
[-3480879, 3480879] 0.2
[3480881, -3480813] 4.57
[-3480862, 3480862] 1.0
[-3480879, 3480877] 10.0
[3480881, -3480811] 0.036000000000000004
[-3480879, 3480874] 0.15000000000000002
[3480881, -3480809] 0.09087500000000001
[-3480813, 3480874] 3.0
