[]
[2803148, 631935, 532368, 2731872, 31401, 653091, 536772, 205564, 2722806]
[2121855]
[] 1.0
[3481004, 3480971] 2.0
[3480835, -3480941] 2.0
[3480863] 1.0
[3480835, -3480938] 1.0
[3480863, 3480879] 0.05
[3480938, -3480938] 0.35000000000000003
[3480938, -3480936] 0.15000000000000002
[3480835] 15.0
[3480938, -3481065] 1.0
[3480938, -3480949] 1.0
[3480835, -3480838] 1.0
[3480835, -3480835] 4.1000000000000005
[3480835, -3480836] 1.0
[3480835, 3480809] 0.9
[3480835, -3481090] 0.25
[3480835, -3480834] 1.0
[3481004, -3480836] 1.0
[3481004, 3480821] 1.0
[3481004, -3480837] 1.0
[3481004, -3480962] 1.0
[3480938, -3480834] 3.0
[3480863, 3481099] 1.0
[3480863, -3480939] 33.25
[3480835, 3480821] 2.0
[3480835, 3480819] 1.0
[3481004, 3480831] 1.0
[3480835, 3480827] 1.0
[3480938, -3480852] 0.4
[3480938] 1.0
[3480863, 3480988] 0.30000000000000004
[3480835, -3480869] 0.1
[3480835, -3480867] 1.0
[3480863, -3480839] 1.0
[3480863, 3480933] 0.05
[3480863, -3480837] 4.0
[3480863, -3480836] 1.0
[3480835, -3481131] 0.45
[3481004, -3481004] 1.4500000000000002
[3480863, 3480821] 1.0
[3480863, 3480819] 0.05
[3481004, 3480934] 1.0
[3481004, 3480933] 0.05
[3480863, -3480863] 42.900000000000006
[3481004, 3480935] 1.0
[3480863, -3480988] 0.5
[3480835, 3480869] 0.15000000000000002
[3480863, 3481025] 1.0
[3480835, 3480867] 1.0
[3480863, -3480998] 3.0
[3480863, -3480867] 1.0
[3480863, -3480996] 0.2
[3481004, 3481012] 1.0
[3480863, -3481004] 1.0
[3481004] 1.0
