[]
[565993, 1757115, 1651723, 548604, 744147, 253993, 1403736, 1273037, 2103247]
[1215349]
[3480836, -3480836] 19.55
[] 1.0
[-3480876, -3480848] 2.0
[3480836, -3480834] 1.0
[3480836, -3480835] 2.0
[3480844, 3481195] 0.55
[3480849] 0.05
[3480844, -3480822] 14.0
[3480844, -3480834] 1.0
[3480836, -3480852] 1.0
[3480844, -3480844] 2259.0
[3480844, -3481100] 8.0
[3480836, -3480851] 0.45
[-3480848, 3480836] 1.0
[3480836, -3480849] 13.0
[3480844, 3480961] 0.65
[3480844, -3480841] 4.0
[3480836] 1.0
[3480848, 3480836] 1.0
[-3480876, -3480867] 1.0
[3480848, 3480841] 0.05
[3480848] 1.0
[-3480848, 3480844] 0.1
[-3480848, 3480841] 0.05
[3480841] 0.05
[3480841, -3481012] 2.0
[-3480876, -3480876] 1.0
[3480848, 3480844] 1.0
[3480844] 0.15000000000000002
[-3480848, 3480849] 0.05
[3480844, -3480857] 12.0
[3480844, -3481111] 12.0
[3480849, -3481021] 5.0
[3480844, -3480867] 2.0
[3480836, -3480870] 1.0
[3480836, -3480871] 1.0
[3480841, 3481012] 4.0
[3480844, 3480925] 13.0
[3480849, -3481025] 1.0
[3480844, -3480870] 3.0
[3480844, -3480871] 3.0
[3480836, 3480925] 1.0
[-3480876] 3.0
[-3480848, 3480876] 1.0
[3480876, -3480848] 1.0
[-3480876, -3480845] 0.8
[3480844, -3480881] 0.35000000000000003
[3480844, -3480878] 7.7
[-3480876, 3480857] 1.0
[-3480845, -3480848] 6.0
[-3480845, -3480851] 2.0
[3480849, -3481180] 1.0
[3480849, 3480860] 1.0
[3480849, 3480871] 3.0
[3480844, -3481288] 0.1
[-3480845, -3480870] 1.0
[3480849, 3480870] 3.0
[3480844, -3481287] 3.0
[-3480845, -3480871] 1.0
[3480841, 3481126] 1.0
[3480844, 3481288] 1.85
[-3480845, -3480876] 6.0
[3480841, 3481125] 1.0
[3480844, 3481287] 1.4500000000000002
[3480848, 3480849] 0.05
[3480849, -3480949] 7.0
[3480848, 3480848] 1.0
[3480841, -3480958] 1.0
[3480849, 3480821] 1.0
[3480841, 3480819] 2.0
[3480841, 3480821] 1.0
[3480849, 3481088] 0.2
[3480836, -3481072] 4.0
[3480849, -3480962] 2.0
[3480849, 3480841] 0.4
[3480849, -3480974] 2.0
[3480876] 1.0
[3480849, 3480844] 0.1
[3480849, -3481111] 1.0
[3480844, -3480956] 1.0
[-3480845, 3480857] 1.0
[3480876, 3480844] 0.1
[3480849, -3480851] 0.4
[3480836, 3480809] 1.0
[3480849, -3480852] 2.0
[3480876, 3480849] 0.05
[3480849, -3480849] 12.8
[3480844, -3480962] 2.0
[3480841, -3481125] 5.0
[3480841, -3481126] 5.0
[3480844, -3480961] 6.550000000000001
[3480849, -3480871] 2.0500000000000003
[3480849, -3480870] 2.0500000000000003
[3480849, -3480867] 2.0
[3480848, -3480848] 2.0
[-3480845, 3480881] 1.0
[3480849, -3481133] 1.0
[3480849, -3480878] 1.0
[-3480845, 3480876] 2.0
[3480849, -3481132] 1.0
[3480848, -3480845] 0.7000000000000001
[-3480848, -3480848] 1.0
[3480849, -3480874] 1.0
[3480849, 3480881] 3.0
[3480849, -3480881] 8.0
[-3480845, 3480895] 1.0
[-3480876, 3480841] 0.1
[3480848, -3480867] 1.0
[-3480876, 3480836] 1.0
[-3480876, 3480849] 0.05
[3480836, -3481021] 1.0
[3480876, 3480836] 1.0
[-3480876, 3480848] 2.0
[3480848, -3480876] 1.0
[3480876, 3480841] 0.05
[-3480876, 3480844] 0.2
[3480836, 3480870] 0.4
[3480844, 3480881] 0.9
[-3480848] 1.0
[3480841, 3480974] 1.0
[3480836, 3480871] 0.4
[3480836, 3480881] 1.0
[3480844, -3480895] 12.0
[-3480845] 14.0
[3480876, 3480876] 1.0
[3480836, 3480841] 0.15000000000000002
[3480836, 3480846] 1.0
[3480841, -3480837] 2.0
[3480849, -3480839] 1.0
[-3480845, 3480841] 0.1
[3480849, -3480838] 1.0
[3480844, -3481195] 0.55
[3480849, -3480835] 0.35000000000000003
[-3480845, 3480836] 1.0
[-3480845, 3480834] 0.1
[3480841, -3480841] 62.1
[3480844, -3480935] 1.0
[-3480845, 3480848] 1.0
[-3480845, 3480849] 0.05
[3480849, -3480843] 70.0
[-3480845, 3480844] 0.75
[3480849, -3481100] 5.0
[3480849, -3480844] 5.0
[-3480845, 3480845] 2.0
[-3480845, 3480842] 0.05
[3480849, -3480842] 70.0
[-3480845, 3480843] 0.05
