[]
[1576156, 2323351, 450739, 2674109, 849194, 1192309, 173593, 578292, 2018179]
[4124]
[3480836, -3480836] 11.4
[] 1.0
[3480836, -3480834] 7.6000000000000005
[3480836, -3480835] 4.0
[3480844, 3481195] 4.0
[3480836, -3481088] 0.1
[3480849] 0.05
[3480836, -3480842] 0.55
[3480836, -3480843] 0.55
[3480841, -3480996] 5.0
[3480836, -3480838] 1.0
[3480844, -3480831] 1.0
[3480836, -3480852] 1.0
[3480844, -3480844] 347.25
[3480844, -3481100] 1.0
[3480836, -3480851] 5.0
[3480848, 3480831] 1.0
[-3480848, 3480836] 0.25
[3480836, -3480849] 23.0
[3480849, -3480996] 1.0
[3480844, 3480961] 0.55
[3480836] 4.0
[3480848, 3480836] 0.05
[3480848, 3480841] 0.1
[3480848] 1.0
[-3480848, 3480844] 1.0
[-3480848, 3480841] 0.05
[3480841] 0.1
[3480841, -3481012] 0.2
[-3480876, -3480876] 1.0
[3480848, 3480844] 1.0
[3480844] 3.0
[3480836, -3480869] 4.0
[3480836, -3480867] 2.0
[-3480848, 3480849] 0.05
[3480844, -3481111] 1.0
[3480836, -3480874] 1.0
[3480844, -3480867] 0.1
[3480831] 1.0
[3480836, -3480870] 1.8
[3480836, -3480871] 1.8
[3480841, 3481012] 1.0
[3480836, 3480925] 7.0
[-3480876] 1.0
[-3480848, 3480876] 1.0
[3480876, -3480848] 1.0
[-3480876, -3480845] 4.0
[3480844, -3480881] 0.65
[3480848, 3480881] 1.0
[-3480845, -3480848] 0.35000000000000003
[-3480845, -3480851] 1.0
[3480841, 3480844] 1.0
[3480849, -3481180] 1.0
[3480849, 3480860] 1.0
[3480844, -3481288] 3.0
[3480844, -3481287] 1.0
[-3480876, 3480881] 1.0
[3480849, -3480941] 1.0
[3480831, -3480895] 2.0
[3480841, 3481126] 4.0
[-3480845, -3480876] 6.0
[3480844, 3481288] 0.15000000000000002
[3480841, 3481125] 4.0
[3480844, 3481287] 2.0
[3480848, 3480849] 0.05
[3480849, -3480949] 1.0
[3480848, 3480848] 1.0
[3480841, -3481211] 1.0
[3480849, 3480821] 1.0
[3480841, 3480813] 2.0
[3480841, 3480819] 2.0
[3480841, 3480821] 2.0
[3480841, -3480962] 2.0
[3480831, 3480881] 1.0
[3480849, 3481088] 0.25
[3480841, -3480974] 1.0
[3480836, -3481072] 1.0
[3480849, 3480841] 0.35000000000000003
[3480876] 1.0
[3480849, 3480844] 0.15000000000000002
[-3480845, 3480857] 1.0
[3480876, 3480844] 1.0
[3480849, -3480851] 13.0
[3480836, 3480809] 2.0
[3480876, 3480849] 0.05
[3480849, -3480849] 145.0
[3480836, -3480972] 2.0
[3480841, -3481125] 0.8
[3480841, -3481126] 0.8
[3480844, -3480961] 1.1500000000000001
[-3480845, -3481180] 1.0
[3480836, 3480822] 1.0
[3480849, -3480871] 2.0500000000000003
[3480836, 3480821] 1.0
[3480849, -3480870] 2.0500000000000003
[3480831, -3480831] 2.15
[-3480845, 3480876] 3.0
[3480848, -3480845] 4.0
[-3480848, -3480848] 1.0
[3480849, 3480881] 1.0
[3480849, -3480895] 1.0
[-3480876, 3480831] 1.0
[-3480845, 3480895] 1.0
[-3480876, 3480841] 0.1
[-3480876, 3480836] 0.05
[-3480876, 3480849] 0.05
[3480836, -3481021] 1.0
[3480876, 3480836] 0.25
[-3480876, 3480848] 1.0
[3480848, -3480876] 1.0
[3480876, 3480841] 0.05
[-3480876, 3480844] 1.0
[3480836, 3480870] 0.6000000000000001
[3480844, 3480881] 0.4
[-3480848] 1.0
[3480841, 3480974] 1.0
[3480836, 3480871] 0.6000000000000001
[3480836, 3480881] 1.0
[-3480845] 24.0
[3480841, -3480822] 1.0
[3480876, 3480876] 1.0
[3480836, 3480841] 0.30000000000000004
[3480836, 3480844] 0.30000000000000004
[3480841, -3480837] 2.0
[-3480845, 3480831] 1.0
[3480841, -3480836] 3.0
[-3480845, 3480841] 0.15000000000000002
[3480844, -3481195] 0.25
[3480849, -3480835] 7.0
[-3480845, 3480836] 4.0
[3480849, -3480836] 3.5
[-3480845, 3480834] 3.0
[3480841, -3480841] 441.20000000000005
[-3480845, 3480848] 0.1
[-3480845, 3480849] 0.05
[3480836, 3480860] 1.0
[3480844, 3480867] 0.1
[3480849, -3480843] 2.1
[-3480845, 3480844] 8.0
[-3480845, 3480842] 0.05
[3480849, -3480842] 2.1
[-3480845, 3480843] 0.05
