[]
[239571, 360064, 272721, 578654, 32007, 276062, 4222684, 1510218, 2178910]
[422492]
[] 1.0
[4295854, -4295847] 1.9000000000000001
[4295854, 4295839] 3.0
[4295854, -4295852] 0.2
[4295854, -4295855] 76.15
[4295851] 1.0
[4295854, -4295854] 20.05
[4295854] 2.0
[4295855] 2.0
[4295855, 4295859] 1.0
[4295828, -4295860] 150.5
[4295854, 4295827] 0.65
[4295854, 4295829] 6.0
[4295828, -4295839] 3.0
[4295855, 4295839] 2.0
[4295828, 4295843] 0.15000000000000002
[4295828, -4295838] 5.65
[4295828, -4295841] 130.95000000000002
[4295828, -4295840] 29.8
[4295828, -4295843] 0.15000000000000002
[4295828, 4295848] 1.0
[4295851, -4295851] 16036.35
[4295855, -4295847] 1.1500000000000001
[4295828, 4295849] 2.0
[4295855, -4295852] 0.30000000000000004
[4295855, -4295854] 9.850000000000001
[4295828, 4295856] 1.0
[4295828, -4295850] 138.0
[4295855, -4295855] 41.85
[4295828, 4295827] 1.05
[4295828] 1.0
[4295828, -4295827] 0.65
[4295855, 4295827] 2.0
[4295828, -4295826] 4.0
[4295828, 4295831] 7.0
[4295828, -4295829] 173055.0
[4295855, 4295829] 5.0
[4295828, -4295828] 19627.8
[4295854, 4295859] 1.0
[4295828, 4295836] 2468.0
[4295828, 4295835] 2.0
[4295828, -4295833] 1.0
[4295828, 4295838] 0.30000000000000004
[4295828, -4295837] 212.8
