[]
[2450726, 1120661, 1531251, 74101, 422492, 276062, 1256687, 2508424, 1027600]
[4260295]
[] 1.0
[4295837, -4295829] 7.15
[4295837, 4295859] 1.0
[4295837, -4295837] 6.0
[4295837, -4295840] 4.2
[4295851] 1.0
[4295834, 4295829] 0.30000000000000004
[4295858] 1.0
[4295834, -4295853] 2.4000000000000004
[4295828, -4295860] 183.3
[4295837, -4295826] 1.0
[4295828, -4295839] 3.0
[4295828, 4295843] 0.15000000000000002
[4295828, -4295838] 5.65
[4295834, -4295832] 13.0
[4295828, -4295841] 136.55
[4295828, -4295840] 43.45
[4295834, -4295834] 14.100000000000001
[4295828, -4295843] 0.15000000000000002
[4295828, 4295848] 1.0
[4295851, -4295851] 82605.65000000001
[4295834, -4295839] 1.9000000000000001
[4295839, 4295829] 1.0
[4295828, 4295849] 2.0
[4295837, 4295829] 0.2
[4295834, -4295842] 1.75
[4295828, 4295856] 2.0
[4295828, -4295850] 17.7
[4295828, 4295827] 1.05
[4295828] 2.0
[4295858, -4295858] 6.7
[4295828, -4295827] 15.0
[4295828, -4295826] 4.0
[4295828, 4295831] 8.0
[4295828, -4295829] 9228.35
[4295828, -4295828] 26216.0
[4295828, 4295836] 126.9
[4295834] 63.0
[4295828, 4295835] 2.0
[4295828, -4295833] 1.0
[4295828, 4295838] 0.30000000000000004
[4295837] 1.0
[4295828, -4295837] 302.55
[4295837, -4295860] 19.0
[4295839] 1.0
