[]
[2823720, 2308407, 2496114, 1145156, 901000, 627055, 589313, 2339855, 817363]
[691832]
[3480944, 3480914] 1.0
[] 1.0
[3480819, -3480819] 5.3500000000000005
[3480838, 3480869] 1.0
[3480835, 3480841] 7.0
[3480851, 3480855] 2.0
[3480851] 1.0
[3480835, -3480941] 1.0
[3480835, 3480844] 0.55
[3480835, -3481065] 0.25
[3480838] 4.0
[3480835, -3480949] 7.0
[3480819, -3480837] 1.0
[3480915, -3480867] 1.0
[3480835, 3481113] 4.0
[3480835, 3480855] 3.6500000000000004
[3480835, -3481071] 4.0
[3480835] 20.0
[3480944, 3480809] 2.0
[3480819, -3480844] 7.0
[3480835, -3480952] 1.0
[3480835, -3480837] 0.7000000000000001
[3480835, -3480838] 3.2
[3480835, -3480835] 29.25
[3480835, -3480836] 4.4
[3480835, 3481065] 10.0
[3480835, -3480834] 1.25
[3480835, -3481090] 1.0
[3480819] 1.0
[3480838, -3480938] 1.0
[3480835, -3480974] 2.0
[3480835, 3480812] 1.0
[3480838, -3480936] 1.0
[3480835, -3480843] 3.0
[3480835, -3480972] 0.1
[3480835, -3480842] 3.0
[3480835, 3480821] 6.0
[3480835, 3480949] 0.4
[3480838, 3480855] 5.0
[3480838, -3480944] 4.0
[3480835, -3480851] 2.0
[3480851, -3480835] 3.0
[3480835, -3480849] 9.0
[3480835, 3480952] 4.0
[3480835, 3480822] 3.0
[3480851, 3480844] 0.05
[3480944] 2.0
[3480944, -3480910] 1.0
[3480944, 3480910] 1.0
[3480835, -3481113] 1.0
[3480835, -3481112] 1.0
[3480838, -3480834] 2.1
[3480835, -3480869] 0.30000000000000004
[3480838, -3480835] 8.0
[3480835, -3480870] 1.0
[3480835, -3480867] 4.0
[3480835, -3481123] 1.0
[3480915, -3480915] 4.25
[3480851, -3480851] 2.6500000000000004
[3480819, -3480881] 3.0
[3480915, 3480855] 0.35000000000000003
[3480915] 2.0
[3480835, -3481133] 1.0
[3480851, 3480925] 1.0
[3480835, -3480875] 1.0
[3480838, -3480838] 2.9000000000000004
[3480838, -3480836] 2.8000000000000003
[3480835, 3481167] 2.0
[3480835, -3480871] 1.0
[3480835, 3481166] 4.0
[3480838, -3480851] 2.0
[3480838, 3480822] 3.0
[3480915, 3480867] 1.0
[3480835, -3480882] 1.0
[3480838, -3480972] 1.0
[3480944, 3480868] 1.0
[3480944, -3480944] 2.8000000000000003
[3480835, -3481021] 3.0
[3480838, -3480852] 1.0
[3480835, 3480869] 0.30000000000000004
[3480835, 3480867] 3.0
[3480944, 3480826] 1.0
[3480835, 3480875] 1.0
[3480835, -3481036] 1.5
[3480835, 3480881] 6.0
[3480838, -3480869] 1.0
[3480944, 3480827] 2.0
[3480915, -3480838] 1.7000000000000002
[3480944, -3480838] 7.0
[3480835, -3480915] 0.05
[3480915, -3480836] 1.3
[3480835, -3481167] 4.0
[3480915, -3480972] 2.0
[3480819, 3480881] 1.0
[3480819, -3480935] 0.4
[3480835, -3481048] 0.2
