[]
[1289635, 1615850, 2172146, 725709, 2278043, 2651586, 310143, 1055147, 1585683]
[106866]
[] 1.0
[3480813, -3480887] 2.0
[3480813, 3480881] 4.0
[3480939, 3480821] 1.0
[3480939, 3480819] 1.0
[3480813, -3480894] 3.25
[3480844, -3480844] 31.650000000000002
[3480844, -3481100] 4.0
[3481021, 3480844] 1.0
[3480813, -3480903] 2.0
[-3481027, 3481004] 3.0
[3480835] 19.0
[3480813, -3480902] 4.0
[3480813, -3480916] 20.0
[3480895, -3480895] 158.65
[3480844] 2.0
[3480821] 1.0
[3480835, -3480838] 1.0
[-3481027, 3481027] 3.0
[3480813, -3480924] 2.0
[3480835, -3480835] 10.4
[3480835, -3480836] 1.0
[3480939, -3480988] 4.0
[3480813, -3480919] 30.0
[3480835, -3481090] 22.0
[3480813, 3480850] 2.0
[-3481027, 3481021] 2.0
[3480844, -3481111] 4.0
[3480844, -3480855] 1.0
[3480813, -3480931] 32.0
[-3480888, 3480822] 3.0
[-3481054, -3480938] 4.0
[-3480962, 3480812] 1.0
[3480813, -3480932] 16.0
[3480844, -3480866] 33.95
[-3481054, -3480936] 4.0
[-3480962, 3480810] 1.0
[3480844, -3480867] 0.05
[-3480888] 5.2
[3481021, 3480809] 1.0
[3480835, -3480852] 2.0
[3480835, -3480849] 1.0
[3480813, -3480933] 1.0
[3480813, -3480934] 42.0
[3480937, -3480938] 4.0
[-3480888, 3480838] 23.0
[3481021, 3480822] 1.0
[3480813] 1.0
[-3480888, 3481091] 13.0
[3480937, 3480864] 1.0
[3480835, -3481113] 1.0
[3480813, -3481199] 1.0
[-3480888, 3480834] 11.0
[-3480888, 3481090] 25.0
[-3481027, -3481027] 2.0
[3480844, -3480881] 1.0
[-3480962, 3480822] 2.0
[3480813, -3480828] 6.15
[-3480962, 3480962] 2.0
[3480813, -3480824] 40.75
[3480939, 3480879] 12.0
[3480813, -3480822] 3.0
[-3481027, 3480938] 2.0
[-3481027, 3480939] 1.0
[-3481027, 3480936] 2.0
[3480937, -3480838] 5.0
[3480937, -3480836] 2.0
[3480937, -3480834] 11.0
[-3480962] 2.0
[3480939, 3480894] 2.0
[3480939, -3480917] 1.0
[3480813, -3481362] 1.0
[-3480962, -3480834] 0.9500000000000001
[3480813, -3480846] 8.25
[3480813, -3480859] 9.3
[3480813, -3480860] 11.700000000000001
[3480813, -3480857] 84.0
[3480939, 3481099] 4.0
[3480813, -3480853] 29.0
[3480813, -3480867] 4.0
[3480813, 3480918] 0.05
[3480895] 1.0
[3480939, 3480850] 1.0
[3480813, -3480864] 1.0
[3480895, -3481099] 53.7
[3480813, -3480862] 38.0
[3480939, -3480939] 10.0
[3480844, -3481064] 2.0
[-3480849, 3480831] 1.0
[3480813, -3480883] 40.150000000000006
[3480813, -3481139] 8.0
[-3480940] 1.0
[3480813, -3480881] 8.0
[3480939, 3480867] 1.0
[-3481054, 3481054] 2.0
[3480813, -3480879] 0.7000000000000001
[-3480849, 3480841] 1.0
[-3481054, -3480834] 2.0
[3480813, -3481018] 9.0
[-3481027, 3480863] 1.0
[3480813, -3481014] 1.0
[-3480888, -3480869] 4.0
[3480835, -3480941] 6.0
[3480939, -3480837] 1.0
[3480844, -3480962] 1.0
[-3481054] 1.0
[-3480888, 3480913] 10.0
[3480813, -3481024] 31.0
[3480844, -3480961] 2.0
[3480835, -3480936] 2.0
[3480813, -3481022] 4.0
[-3480888, -3480876] 3.9000000000000004
[3480813, -3481033] 14.0
[3480835, 3481113] 1.0
[-3481027] 2.0
[3481021, -3480836] 1.0
[3480835, -3480952] 2.0
[-3480962, -3480836] 1.0
[3480835, 3480809] 1.4000000000000001
[-3480888, 3480938] 8.0
[3480813, -3481045] 3.0
[3480813, -3481046] 2.0
[3481021, -3480851] 16.0
[3480835, 3480812] 1.0
[-3480888, -3481091] 22.0
[3481021, -3480849] 2.0
[3480835, 3480811] 1.0
[3480835, 3480810] 1.0
[3480939, -3480868] 1.0
[3480835, -3480970] 2.0
[3480939, -3480863] 56.0
[3480835, 3481070] 1.0
[-3481027, -3480881] 1.0
[3480835, 3480821] 4.0
[3480813, -3480811] 3.95
[3480813, -3480809] 33.9
[3480813, -3481063] 19.0
[-3480888, -3480848] 3.9000000000000004
[-3480888, 3480952] 2.0
[3480835, 3480822] 2.0
[3480813, -3480819] 32.0
[3480939, 3480933] 1.0
[3480813, -3481076] 4.0
[3480835, 3480827] 11.0
[3480937] 1.0
[3480813, -3480813] 18.05
[3480939] 1.0
[3480835, -3480869] 1.0
[3480937, 3480809] 1.0
[-3480849] 1.0
[3480813, 3480819] 1.0
[3480844, 3480881] 1.0
[-3480962, -3480936] 1.0
[-3480888, 3480851] 10.0
[3480835, -3481131] 4.3500000000000005
[3480813, -3480962] 1.0
[3480835, 3480913] 2.0
[3480937, 3480822] 3.0
[-3480888, 3480848] 4.0
[3480844, -3480895] 1.0
[3480835, 3480914] 1.0
[3480939, 3481025] 1.0
[-3481027, 3481071] 1.0
[-3481027, 3480813] 7.0
[-3480888, 3480869] 4.0
[3480813, -3480979] 1.0
[3480813, -3480977] 1.0
[-3480888, -3480952] 1.0
[3481021, -3481021] 22.0
[-3481027, 3480821] 2.0
[3480835, 3480869] 1.0
[-3481027, 3480835] 10.0
[-3480888, 3481131] 94.0
[-3480888, 3480876] 3.95
[3481021] 1.0
[3480835, 3480875] 2.0
[-3481027, 3480836] 2.0
[3480939, 3480988] 3.0
[3480813, -3481002] 1.0
[-3480888, -3480913] 11.0
[3480835, -3480913] 1.0
[-3481027, 3480844] 3.0
[3480844, -3480935] 1.0
[-3481027, -3480962] 1.0
